1667492746587 23.0 0
1667492746829 25.0 1
1667492747018 26.0 2
1667492747173 68.0 3
1667492747265 38.0 4
1667492747314 20.0 5
1667492747375 25.0 6
1667492747477 44.0 7
1667492747660 79.0 8
1667492747748 37.0 9
1667492747800 21.0 10
1667492747904 46.0 11
1667492748104 91.0 12
1667492748154 20.0 13
1667492748213 25.0 14
1667492748301 37.0 15
1667492748576 81.0 16
1667492748818 65.0 17
1667492749258 133.0 18
1667492749544 127.0 19
1667492749919 171.0 20
1667492750112 87.0 21
1667492750331 98.0 22
1667492750836 233.0 23
1667492751258 198.0 24
1667492751578 147.0 25
1667492752098 226.0 26
1667492752689 266.0 27
1667492753768 500.0 28
1667492754847 500.0 29
1667492755620 367.0 30
1667492756413 372.0 31
1667492757484 500.0 32
1667492758093 282.0 33
1667492758901 365.0 34
1667492759794 380.0 35
1667492760407 284.0 36
1667492761471 500.0 37
1667492762528 500.0 38
1667492763029 223.0 39
1667492763842 379.0 40
1667492764312 216.0 41
1667492764814 235.0 42
1667492765236 198.0 43
1667492765549 142.0 44
1667492765783 102.0 45
1667492766456 307.0 46
1667492766632 75.0 47
1667492766823 86.0 48
1667492767191 171.0 49
1667492767733 255.0 50
1667492768112 175.0 51
1667492769044 432.0 52
1667492769688 285.0 53
1667492770543 390.0 54
1667492770963 183.0 55
1667492771599 285.0 56
1667492772228 282.0 57
1667492772910 271.0 58
1667492774037 500.0 59
1667492775123 500.0 60
1667492776253 500.0 61
1667492777357 500.0 62
1667492778444 500.0 63
1667492779536 500.0 64
1667492780467 421.0 65
1667492781551 500.0 66
1667492782684 500.0 67
1667492783759 481.0 68
1667492784315 260.0 69
1667492784846 249.0 70
1667492785301 203.0 71
1667492785752 189.0 72
1667492786185 194.0 73
1667492786663 217.0 74
1667492787190 245.0 75
1667492787800 272.0 76
1667492788722 413.0 77
1667492789809 500.0 78
