1667500965078 19.0 0
1667500965311 23.0 1
1667500965468 12.0 2
1667500965505 15.0 3
1667500965555 21.0 4
1667500965584 11.0 5
1667500965627 17.0 6
1667500965692 23.0 7
1667500965837 45.0 8
1667500965979 41.0 9
1667500966031 17.0 10
1667500966075 15.0 11
1667500966135 21.0 12
1667500966184 18.0 13
1667500966212 10.0 14
1667500966238 10.0 15
1667500966268 11.0 16
1667500966361 41.0 17
1667500966394 12.0 18
1667500966439 18.0 19
1667500966504 27.0 20
1667500966548 17.0 21
1667500966577 11.0 22
1667500966615 15.0 23
1667500966648 13.0 24
1667500966680 12.0 25
1667500966752 31.0 26
1667500966891 62.0 27
1667500966932 17.0 28
1667500967023 40.0 29
1667500967069 19.0 30
1667500967112 17.0 31
1667500967145 13.0 32
1667500967192 19.0 33
1667500967235 18.0 34
1667500967348 50.0 35
1667500967472 52.0 36
1667500967555 33.0 37
1667500967638 34.0 38
1667500967718 34.0 39
1667500967763 18.0 40
1667500967796 12.0 41
1667500967824 10.0 42
1667500967878 22.0 43
1667500967995 52.0 44
1667500968122 56.0 45
1667500968172 20.0 46
1667500968220 19.0 47
1667500968261 17.0 48
1667500968332 30.0 49
1667500968364 12.0 50
1667500968407 16.0 51
1667500968538 60.0 52
1667500968590 21.0 53
1667500968638 20.0 54
1667500968675 15.0 55
1667500968711 14.0 56
1667500968746 14.0 57
1667500968780 14.0 58
1667500968820 16.0 59
1667500968861 17.0 60
1667500968928 29.0 61
1667500968990 26.0 62
1667500969026 14.0 63
1667500969064 15.0 64
1667500969108 17.0 65
1667500969151 17.0 66
1667500969188 15.0 67
1667500969255 27.0 68
1667500969289 13.0 69
1667500969344 22.0 70
1667500969416 30.0 71
1667500969490 31.0 72
1667500969532 17.0 73
1667500969576 18.0 74
1667500969601 9.0 75
1667500969664 27.0 76
1667500969744 34.0 77
1667500969779 14.0 78
1667500969908 57.0 79
1667500969973 26.0 80
1667500970036 26.0 81
1667500970094 23.0 82
1667500970140 18.0 83
1667500970202 25.0 84
1667500970241 15.0 85
1667500970338 42.0 86
1667500970378 16.0 87
1667500970422 18.0 88
1667500970457 14.0 89
1667500970494 15.0 90
1667500970603 49.0 91
1667500970661 25.0 92
1667500970716 23.0 93
1667500970749 13.0 94
1667500970799 21.0 95
1667500970848 20.0 96
1667500970893 19.0 97
1667500970980 39.0 98
1667500971061 35.0 99
1667500971161 45.0 100
1667500971209 20.0 101
1667500971277 30.0 102
1667500971321 18.0 103
1667500971479 73.0 104
1667500971570 40.0 105
1667500971627 25.0 106
1667500971692 27.0 107
1667500971727 14.0 108
1667500971865 62.0 109
1667500971915 21.0 110
1667500971963 19.0 111
1667500972007 18.0 112
1667500972034 10.0 113
1667500972100 28.0 114
1667500972207 48.0 115
1667500972343 60.0 116
1667500972374 12.0 117
1667500972443 30.0 118
1667500972480 15.0 119
1667500972558 34.0 120
1667500972628 31.0 121
1667500972704 33.0 122
1667500972781 34.0 123
1667500972838 24.0 124
1667500972890 22.0 125
1667500972937 19.0 126
1667500973024 39.0 127
1667500973091 16.0 128
1667500973189 36.0 129
1667500973294 45.0 130
1667500973345 21.0 131
1667500973386 16.0 132
1667500973428 17.0 133
1667500973541 49.0 134
1667500973598 23.0 135
1667500973643 18.0 136
1667500973688 18.0 137
1667500973743 23.0 138
1667500973789 18.0 139
1667500973829 16.0 140
1667500973871 17.0 141
1667500973936 27.0 142
1667500973966 11.0 143
1667500974033 28.0 144
1667500974149 51.0 145
1667500974217 29.0 146
1667500974276 24.0 147
1667500974318 17.0 148
1667500974416 42.0 149
1667500974478 27.0 150
1667500974526 19.0 151
1667500974580 23.0 152
1667500974619 15.0 153
1667500974756 61.0 154
1667500974833 32.0 155
1667500974865 12.0 156
1667500974977 50.0 157
1667500975032 23.0 158
1667500975088 22.0 159
1667500975136 19.0 160
1667500975208 29.0 161
1667500975277 29.0 162
1667500975323 17.0 163
1667500975364 16.0 164
1667500975414 20.0 165
1667500975466 21.0 166
1667500975498 12.0 167
1667500975559 26.0 168
1667500975661 45.0 169
1667500975716 23.0 170
1667500975774 24.0 171
1667500975803 11.0 172
1667500975922 54.0 173
1667500975982 25.0 174
1667500976019 14.0 175
1667500976080 26.0 176
1667500976171 39.0 177
1667500976236 28.0 178
1667500976302 28.0 179
1667500976344 17.0 180
1667500976382 15.0 181
1667500976435 22.0 182
1667500976492 25.0 183
1667500976630 62.0 184
1667500976816 85.0 185
1667500976882 22.0 186
1667500976933 20.0 187
1667500977009 30.0 188
1667500977057 18.0 189
1667500977099 15.0 190
1667500977196 40.0 191
1667500977311 49.0 192
1667500977403 40.0 193
1667500977474 30.0 194
1667500977547 31.0 195
1667500977588 15.0 196
1667500977643 22.0 197
1667500977699 23.0 198
1667500977807 46.0 199
1667500977873 28.0 200
1667500977900 9.0 201
1667500977979 34.0 202
1667500978071 39.0 203
1667500978159 37.0 204
1667500978361 90.0 205
1667500978414 22.0 206
1667500978551 62.0 207
1667500978612 26.0 208
1667500978668 23.0 209
1667500978708 16.0 210
1667500978768 26.0 211
1667500978810 16.0 212
1667500978849 16.0 213
1667500978926 33.0 214
1667500978993 28.0 215
1667500979123 55.0 216
1667500979192 23.0 217
1667500979291 43.0 218
1667500979436 63.0 219
1667500979478 16.0 220
1667500979531 20.0 221
1667500979580 19.0 222
1667500979622 15.0 223
1667500979652 11.0 224
1667500979754 43.0 225
1667500979791 14.0 226
1667500979877 36.0 227
1667500979990 48.0 228
1667500980057 28.0 229
1667500980108 20.0 230
1667500980172 26.0 231
1667500980238 27.0 232
1667500980315 33.0 233
1667500980363 18.0 234
1667500980413 20.0 235
1667500980482 29.0 236
1667500980578 41.0 237
1667500980645 28.0 238
1667500980671 9.0 239
1667500980709 15.0 240
1667500980762 22.0 241
1667500980859 41.0 242
1667500980888 11.0 243
1667500980932 17.0 244
1667500981036 42.0 245
1667500981074 13.0 246
1667500981164 37.0 247
1667500981226 25.0 248
1667500981262 14.0 249
1667500981319 24.0 250
1667500981444 55.0 251
1667500981486 17.0 252
1667500981565 34.0 253
1667500981602 14.0 254
1667500981708 46.0 255
1667500981818 48.0 256
1667500981867 19.0 257
1667500982007 49.0 258
1667500982040 11.0 259
1667500982099 25.0 260
1667500982126 10.0 261
1667500982207 35.0 262
1667500982235 11.0 263
1667500982286 21.0 264
1667500982353 22.0 265
1667500982439 23.0 266
1667500982544 36.0 267
1667500982601 24.0 268
1667500982630 11.0 269
1667500982697 28.0 270
1667500982736 15.0 271
1667500982770 13.0 272
1667500982841 29.0 273
1667500982964 55.0 274
1667500983009 18.0 275
1667500983066 23.0 276
1667500983127 23.0 277
1667500983196 25.0 278
1667500983255 21.0 279
1667500983294 14.0 280
1667500983367 30.0 281
1667500983411 17.0 282
1667500983478 28.0 283
1667500983547 29.0 284
1667500983576 11.0 285
1667500983650 31.0 286
1667500983825 77.0 287
1667500983853 10.0 288
1667500983929 32.0 289
1667500984011 36.0 290
1667500984047 13.0 291
1667500984111 26.0 292
1667500984211 42.0 293
1667500984357 61.0 294
1667500984407 21.0 295
1667500984458 20.0 296
1667500984627 75.0 297
1667500984738 48.0 298
1667500984787 20.0 299
1667500984817 10.0 300
1667500984852 13.0 301
1667500984911 24.0 302
1667500985035 48.0 303
1667500985134 35.0 304
1667500985173 15.0 305
1667500985236 26.0 306
1667500985315 20.0 307
1667500985382 25.0 308
1667500985460 31.0 309
1667500985587 49.0 310
1667500985664 23.0 311
1667500985758 37.0 312
1667500985832 31.0 313
1667500985961 57.0 314
1667500985991 11.0 315
1667500986093 44.0 316
1667500986306 33.0 317
1667500986386 35.0 318
1667500986421 13.0 319
1667500986469 20.0 320
1667500986519 20.0 321
1667500986573 22.0 322
1667500986678 46.0 323
1667500986741 27.0 324
1667500986801 26.0 325
1667500986885 36.0 326
1667500986956 31.0 327
1667500987025 29.0 328
1667500987082 24.0 329
1667500987129 19.0 330
1667500987226 43.0 331
1667500987299 31.0 332
1667500987398 43.0 333
1667500987467 30.0 334
1667500987496 11.0 335
1667500987548 22.0 336
1667500987601 22.0 337
1667500987667 29.0 338
1667500987754 38.0 339
1667500987779 9.0 340
1667500987827 20.0 341
1667500987884 24.0 342
1667500987958 31.0 343
1667500988014 24.0 344
1667500988080 27.0 345
1667500988141 26.0 346
1667500988285 65.0 347
1667500988414 49.0 348
1667500988534 47.0 349
1667500988593 24.0 350
1667500988659 27.0 351
1667500988727 28.0 352
1667500988763 13.0 353
1667500988814 21.0 354
1667500988861 19.0 355
1667500988947 37.0 356
1667500988986 15.0 357
1667500989022 13.0 358
1667500989068 18.0 359
1667500989099 12.0 360
1667500989143 17.0 361
1667500989188 18.0 362
1667500989294 47.0 363
1667500989368 31.0 364
1667500989411 18.0 365
1667500989452 16.0 366
1667500989495 18.0 367
1667500989562 29.0 368
1667500989656 41.0 369
1667500989701 19.0 370
1667500989746 18.0 371
1667500989775 11.0 372
1667500989809 13.0 373
1667500989837 10.0 374
1667500989893 23.0 375
1667500989958 26.0 376
1667500990159 93.0 377
1667500990203 18.0 378
1667500990315 47.0 379
1667500990352 14.0 380
1667500990459 48.0 381
1667500990538 34.0 382
1667500990567 11.0 383
1667500990615 20.0 384
1667500990721 44.0 385
1667500990791 28.0 386
1667500990826 14.0 387
1667500990879 22.0 388
1667500990935 24.0 389
1667500990978 17.0 390
1667500991028 20.0 391
1667500991127 44.0 392
1667500991176 20.0 393
1667500991209 13.0 394
1667500991270 25.0 395
1667500991364 40.0 396
1667500991389 9.0 397
1667500991450 25.0 398
1667500991525 31.0 399
1667500991589 26.0 400
1667500991666 33.0 401
1667500991733 28.0 402
1667500991903 78.0 403
1667500991974 30.0 404
1667500992077 46.0 405
1667500992145 28.0 406
1667500992176 12.0 407
1667500992212 14.0 408
1667500992351 63.0 409
1667500992440 40.0 410
1667500992529 39.0 411
1667500992577 19.0 412
1667500992625 18.0 413
1667500992668 16.0 414
1667500992731 27.0 415
1667500992774 17.0 416
1667500992837 27.0 417
1667500992957 54.0 418
1667500993016 25.0 419
1667500993059 17.0 420
1667500993132 32.0 421
1667500993199 29.0 422
1667500993270 31.0 423
1667500993346 32.0 424
1667500993430 32.0 425
1667500993507 31.0 426
1667500993569 27.0 427
1667500993636 28.0 428
1667500993682 19.0 429
1667500993784 44.0 430
1667500993838 22.0 431
1667500993875 14.0 432
1667500993935 25.0 433
1667500993981 19.0 434
1667500994045 26.0 435
1667500994219 75.0 436
1667500994287 27.0 437
1667500994351 26.0 438
1667500994381 11.0 439
1667500994637 110.0 440
1667500994819 77.0 441
1667500994911 42.0 442
1667500994947 14.0 443
1667500995080 45.0 444
1667500995160 28.0 445
1667500995218 25.0 446
1667500995287 29.0 447
1667500995334 19.0 448
1667500995393 24.0 449
1667500995542 69.0 450
1667500995665 55.0 451
1667500995751 38.0 452
1667500995811 25.0 453
1667500995845 13.0 454
1667500995912 28.0 455
1667500995977 25.0 456
1667500996031 21.0 457
1667500996145 50.0 458
1667500996182 14.0 459
1667500996260 33.0 460
1667500996296 13.0 461
1667500996377 35.0 462
1667500996467 40.0 463
1667500996519 21.0 464
1667500996670 69.0 465
1667500996700 11.0 466
1667500996799 44.0 467
1667500996845 19.0 468
1667500996911 29.0 469
1667500996962 21.0 470
1667500997001 16.0 471
1667500997055 23.0 472
1667500997115 25.0 473
1667500997150 14.0 474
1667500997182 12.0 475
1667500997276 42.0 476
1667500997370 42.0 477
1667500997420 21.0 478
1667500997477 24.0 479
1667500997528 21.0 480
1667500997612 37.0 481
1667500997690 34.0 482
1667500997750 26.0 483
1667500997827 34.0 484
1667500997923 43.0 485
1667500997992 30.0 486
1667500998031 16.0 487
1667500998069 15.0 488
1667500998121 22.0 489
1667500998158 15.0 490
1667500998233 33.0 491
1667500998335 45.0 492
1667500998376 15.0 493
1667500998504 53.0 494
1667500998560 22.0 495
1667500998635 31.0 496
1667500998736 44.0 497
1667500998771 14.0 498
1667500998828 23.0 499
1667500998942 51.0 500
1667500998992 20.0 501
1667500999050 25.0 502
1667500999095 17.0 503
1667500999146 20.0 504
1667500999174 10.0 505
1667500999237 26.0 506
1667500999304 29.0 507
1667500999359 21.0 508
1667500999409 19.0 509
1667500999491 33.0 510
1667500999536 19.0 511
1667500999617 35.0 512
1667500999655 14.0 513
1667500999692 14.0 514
1667500999740 18.0 515
1667500999775 13.0 516
1667500999863 38.0 517
1667500999954 40.0 518
1667500999991 13.0 519
1667501000030 15.0 520
1667501000092 26.0 521
1667501000119 10.0 522
1667501000146 10.0 523
1667501000219 32.0 524
1667501000271 20.0 525
1667501000319 20.0 526
1667501000399 36.0 527
1667501000437 15.0 528
1667501000498 27.0 529
1667501000543 18.0 530
1667501000590 18.0 531
1667501000656 26.0 532
1667501000713 24.0 533
1667501000755 17.0 534
1667501000844 39.0 535
1667501000918 31.0 536
1667501001010 42.0 537
1667501001053 17.0 538
1667501001080 10.0 539
1667501001168 37.0 540
1667501001195 10.0 541
1667501001274 34.0 542
1667501001324 20.0 543
1667501001361 14.0 544
1667501001475 50.0 545
1667501001596 55.0 546
1667501001670 30.0 547
1667501001713 17.0 548
1667501001740 10.0 549
1667501001803 27.0 550
1667501001869 28.0 551
1667501001969 42.0 552
1667501001995 9.0 553
1667501002019 9.0 554
1667501002096 34.0 555
1667501002172 32.0 556
1667501002228 23.0 557
1667501002276 19.0 558
1667501002381 48.0 559
1667501002450 29.0 560
1667501002535 37.0 561
1667501002592 23.0 562
1667501002664 31.0 563
1667501002693 10.0 564
1667501002737 18.0 565
1667501002786 20.0 566
1667501002855 29.0 567
1667501002884 11.0 568
1667501002936 21.0 569
1667501002981 17.0 570
1667501003020 15.0 571
1667501003052 12.0 572
1667501003099 19.0 573
1667501003157 24.0 574
1667501003253 42.0 575
1667501003300 19.0 576
1667501003362 26.0 577
1667501003413 21.0 578
1667501003447 13.0 579
1667501003474 10.0 580
1667501003534 25.0 581
1667501003598 27.0 582
1667501003655 24.0 583
1667501003692 14.0 584
1667501003762 30.0 585
1667501003799 14.0 586
1667501003841 17.0 587
1667501003896 23.0 588
1667501003935 15.0 589
1667501004007 31.0 590
1667501004039 12.0 591
1667501004078 15.0 592
1667501004111 13.0 593
1667501004170 25.0 594
1667501004207 14.0 595
1667501004268 26.0 596
1667501004321 22.0 597
1667501004386 27.0 598
1667501004458 31.0 599
1667501004535 34.0 600
1667501004606 30.0 601
1667501004638 12.0 602
1667501004724 37.0 603
1667501004756 12.0 604
1667501004801 18.0 605
1667501004840 15.0 606
1667501004882 17.0 607
1667501004932 20.0 608
1667501004981 20.0 609
1667501005003 8.0 610
1667501005066 14.0 611
1667501005157 28.0 612
1667501005199 17.0 613
1667501005245 18.0 614
1667501005320 32.0 615
1667501005397 33.0 616
1667501005435 15.0 617
1667501005481 18.0 618
1667501005578 43.0 619
1667501005612 13.0 620
1667501005667 23.0 621
1667501005711 18.0 622
1667501005754 17.0 623
1667501005810 24.0 624
1667501005863 22.0 625
1667501006010 66.0 626
1667501006038 10.0 627
1667501006079 16.0 628
1667501006147 29.0 629
1667501006179 12.0 630
1667501006280 45.0 631
1667501006309 10.0 632
1667501006349 16.0 633
1667501006388 16.0 634
1667501006424 14.0 635
1667501006470 19.0 636
1667501006522 22.0 637
1667501006623 44.0 638
1667501006655 12.0 639
1667501006719 28.0 640
1667501006756 14.0 641
1667501006800 18.0 642
1667501006852 21.0 643
1667501006900 20.0 644
1667501007019 53.0 645
1667501007049 11.0 646
1667501007109 25.0 647
1667501007143 13.0 648
1667501007175 13.0 649
1667501007207 12.0 650
1667501007250 17.0 651
1667501007289 15.0 652
1667501007350 25.0 653
1667501007388 15.0 654
1667501007559 78.0 655
1667501007611 21.0 656
1667501007698 39.0 657
1667501007768 30.0 658
1667501007809 16.0 659
1667501007840 11.0 660
1667501007889 20.0 661
1667501007917 10.0 662
1667501007958 15.0 663
1667501007990 12.0 664
1667501008055 27.0 665
1667501008100 17.0 666
1667501008157 14.0 667
1667501008208 17.0 668
1667501008240 11.0 669
1667501008282 17.0 670
1667501008335 22.0 671
1667501008371 13.0 672
1667501008417 19.0 673
1667501008454 14.0 674
1667501008512 24.0 675
1667501008562 20.0 676
1667501008606 18.0 677
1667501008663 23.0 678
1667501008705 17.0 679
1667501008744 15.0 680
1667501008785 16.0 681
1667501008821 14.0 682
1667501008903 35.0 683
1667501008949 18.0 684
1667501008983 13.0 685
1667501009020 14.0 686
1667501009070 20.0 687
1667501009110 16.0 688
1667501009140 11.0 689
1667501009187 19.0 690
1667501009222 14.0 691
1667501009263 17.0 692
1667501009299 14.0 693
1667501009351 22.0 694
1667501009415 27.0 695
1667501009486 29.0 696
1667501009525 15.0 697
1667501009557 11.0 698
1667501009697 61.0 699
1667501009744 19.0 700
1667501009861 51.0 701
1667501009913 21.0 702
1667501009952 10.0 703
1667501010074 55.0 704
1667501010196 53.0 705
1667501010251 23.0 706
1667501010299 19.0 707
1667501010333 13.0 708
1667501010414 35.0 709
1667501010480 27.0 710
1667501010573 40.0 711
1667501010616 17.0 712
1667501010653 14.0 713
1667501010712 25.0 714
1667501010801 38.0 715
1667501010834 12.0 716
1667501010895 25.0 717
1667501010931 14.0 718
1667501010965 13.0 719
1667501011017 21.0 720
1667501011062 18.0 721
1667501011098 14.0 722
1667501011157 24.0 723
1667501011191 13.0 724
1667501011279 39.0 725
1667501011325 18.0 726
1667501011384 25.0 727
1667501011417 12.0 728
1667501011460 17.0 729
1667501011501 17.0 730
1667501011555 22.0 731
1667501011599 18.0 732
1667501011653 22.0 733
1667501011681 10.0 734
1667501011716 14.0 735
1667501011771 23.0 736
1667501011876 47.0 737
1667501011916 16.0 738
1667501011941 9.0 739
1667501012014 31.0 740
1667501012081 29.0 741
1667501012119 15.0 742
1667501012166 19.0 743
1667501012197 12.0 744
1667501012241 18.0 745
1667501012277 14.0 746
1667501012304 10.0 747
1667501012340 14.0 748
1667501012373 13.0 749
1667501012444 30.0 750
1667501012524 35.0 751
1667501012559 14.0 752
1667501012604 18.0 753
1667501012688 37.0 754
1667501012745 24.0 755
1667501012804 25.0 756
1667501012846 17.0 757
1667501012886 16.0 758
1667501012915 11.0 759
1667501012974 25.0 760
1667501013029 23.0 761
1667501013065 14.0 762
1667501013096 12.0 763
1667501013168 31.0 764
1667501013206 15.0 765
1667501013246 16.0 766
1667501013289 17.0 767
1667501013324 14.0 768
1667501013378 23.0 769
1667501013418 16.0 770
1667501013461 17.0 771
1667501013502 17.0 772
1667501013565 26.0 773
1667501013625 25.0 774
1667501013668 16.0 775
1667501013734 26.0 776
1667501013801 28.0 777
1667501013861 25.0 778
1667501013891 11.0 779
1667501013933 16.0 780
1667501013991 16.0 781
1667501014058 24.0 782
1667501014105 18.0 783
1667501014141 14.0 784
1667501014181 14.0 785
1667501014220 15.0 786
1667501014252 11.0 787
1667501014300 18.0 788
1667501014363 25.0 789
1667501014408 18.0 790
1667501014471 26.0 791
1667501014528 24.0 792
1667501014564 14.0 793
1667501014620 23.0 794
1667501014672 21.0 795
1667501014733 25.0 796
1667501014772 15.0 797
1667501014811 16.0 798
1667501014849 15.0 799
1667501014896 19.0 800
1667501014942 19.0 801
1667501015035 39.0 802
1667501015071 11.0 803
1667501015249 48.0 804
1667501015292 10.0 805
1667501015353 26.0 806
1667501015411 24.0 807
1667501015455 18.0 808
1667501015520 28.0 809
1667501015609 39.0 810
1667501015663 22.0 811
1667501015715 22.0 812
1667501015779 27.0 813
1667501015806 10.0 814
1667501015867 26.0 815
1667501015957 39.0 816
1667501016003 19.0 817
1667501016089 37.0 818
1667501016134 19.0 819
1667501016167 12.0 820
1667501016215 20.0 821
1667501016244 11.0 822
1667501016273 11.0 823
1667501016407 61.0 824
1667501016462 23.0 825
1667501016493 12.0 826
1667501016522 11.0 827
1667501016559 14.0 828
1667501016607 20.0 829
1667501016662 23.0 830
1667501016689 10.0 831
1667501016729 16.0 832
1667501016801 31.0 833
1667501016855 22.0 834
1667501016881 10.0 835
1667501016921 16.0 836
1667501016964 17.0 837
1667501017020 24.0 838
1667501017076 24.0 839
1667501017142 29.0 840
1667501017167 9.0 841
1667501017201 13.0 842
1667501017261 25.0 843
1667501017288 10.0 844
1667501017328 16.0 845
1667501017366 15.0 846
1667501017403 15.0 847
1667501017444 17.0 848
1667501017502 24.0 849
1667501017540 15.0 850
1667501017586 19.0 851
1667501017627 16.0 852
1667501017662 14.0 853
1667501017691 11.0 854
1667501017760 29.0 855
1667501017794 13.0 856
1667501017857 26.0 857
1667501017909 21.0 858
1667501017949 16.0 859
1667501017985 14.0 860
1667501018043 24.0 861
1667501018094 21.0 862
1667501018153 25.0 863
1667501018218 27.0 864
1667501018256 15.0 865
1667501018291 14.0 866
1667501018354 26.0 867
1667501018385 12.0 868
1667501018455 30.0 869
1667501018523 29.0 870
1667501018580 24.0 871
1667501018613 13.0 872
1667501018642 11.0 873
1667501018674 12.0 874
1667501018706 13.0 875
1667501018752 19.0 876
1667501018782 11.0 877
1667501018825 18.0 878
1667501018890 28.0 879
1667501018920 11.0 880
1667501018960 16.0 881
1667501019001 17.0 882
1667501019034 12.0 883
1667501019079 18.0 884
1667501019132 22.0 885
1667501019169 14.0 886
1667501019200 12.0 887
1667501019227 10.0 888
1667501019256 11.0 889
1667501019292 14.0 890
1667501019336 18.0 891
1667501019407 31.0 892
1667501019439 12.0 893
1667501019502 27.0 894
1667501019539 15.0 895
1667501019575 14.0 896
1667501019654 35.0 897
1667501019706 22.0 898
1667501019767 26.0 899
1667501019813 19.0 900
1667501019870 23.0 901
1667501019916 18.0 902
1667501019964 20.0 903
1667501019993 11.0 904
1667501020049 23.0 905
1667501020090 16.0 906
1667501020176 38.0 907
1667501020210 13.0 908
1667501020243 13.0 909
1667501020270 10.0 910
1667501020320 21.0 911
1667501020373 21.0 912
1667501020405 13.0 913
1667501020441 14.0 914
1667501020495 22.0 915
1667501020547 22.0 916
1667501020589 17.0 917
1667501020636 19.0 918
1667501020669 13.0 919
1667501020702 13.0 920
1667501020745 17.0 921
1667501020774 11.0 922
1667501020815 17.0 923
1667501020845 11.0 924
1667501020896 21.0 925
1667501020929 13.0 926
1667501020972 17.0 927
1667501021011 16.0 928
1667501021040 11.0 929
1667501021080 15.0 930
1667501021125 19.0 931
1667501021171 19.0 932
1667501021245 32.0 933
1667501021312 29.0 934
1667501021359 19.0 935
1667501021411 22.0 936
1667501021460 20.0 937
1667501021502 17.0 938
1667501021553 21.0 939
1667501021585 12.0 940
1667501021628 17.0 941
1667501021678 20.0 942
1667501021712 13.0 943
1667501021741 11.0 944
1667501021776 13.0 945
1667501021820 18.0 946
1667501021868 20.0 947
1667501021897 10.0 948
1667501021932 14.0 949
1667501021968 14.0 950
1667501022015 19.0 951
1667501022059 17.0 952
1667501022115 23.0 953
1667501022165 18.0 954
1667501022218 16.0 955
1667501022298 34.0 956
1667501022333 14.0 957
1667501022373 15.0 958
1667501022437 27.0 959
1667501022515 34.0 960
1667501022572 23.0 961
1667501022600 10.0 962
1667501022634 13.0 963
1667501022740 46.0 964
1667501022792 21.0 965
1667501022822 11.0 966
1667501022870 16.0 967
1667501022924 21.0 968
1667501022991 28.0 969
1667501023029 15.0 970
1667501023066 13.0 971
1667501023092 9.0 972
1667501023132 16.0 973
1667501023173 15.0 974
1667501023217 18.0 975
1667501023285 28.0 976
1667501023327 16.0 977
1667501023389 25.0 978
1667501023433 18.0 979
1667501023478 17.0 980
1667501023505 10.0 981
1667501023571 27.0 982
1667501023609 15.0 983
1667501023648 15.0 984
1667501023722 32.0 985
1667501023764 16.0 986
1667501023810 19.0 987
1667501023844 13.0 988
1667501023870 9.0 989
1667501023911 16.0 990
1667501023979 29.0 991
1667501024017 14.0 992
1667501024060 16.0 993
1667501024122 26.0 994
1667501024151 10.0 995
1667501024190 15.0 996
1667501024232 17.0 997
1667501024273 15.0 998
1667501024309 14.0 999
1667501024372 26.0 1000
1667501024441 29.0 1001
1667501024521 34.0 1002
1667501024557 14.0 1003
1667501024627 29.0 1004
1667501024684 23.0 1005
1667501024728 18.0 1006
1667501024767 14.0 1007
1667501024799 12.0 1008
1667501024826 10.0 1009
1667501024853 10.0 1010
1667501024894 16.0 1011
1667501024932 15.0 1012
1667501024969 15.0 1013
1667501025019 20.0 1014
1667501025088 16.0 1015
1667501025166 18.0 1016
1667501025203 14.0 1017
1667501025255 22.0 1018
1667501025313 24.0 1019
1667501025379 28.0 1020
1667501025411 12.0 1021
1667501025485 32.0 1022
1667501025519 13.0 1023
1667501025567 20.0 1024
1667501025601 13.0 1025
1667501025644 17.0 1026
1667501025684 16.0 1027
1667501025719 14.0 1028
1667501025799 35.0 1029
1667501025840 17.0 1030
1667501025905 28.0 1031
1667501025936 10.0 1032
1667501025965 11.0 1033
1667501026044 35.0 1034
1667501026081 14.0 1035
1667501026126 19.0 1036
1667501026171 18.0 1037
1667501026222 21.0 1038
1667501026279 23.0 1039
1667501026350 31.0 1040
1667501026399 19.0 1041
1667501026455 24.0 1042
1667501026502 19.0 1043
1667501026562 25.0 1044
1667501026593 12.0 1045
1667501026633 16.0 1046
1667501026718 36.0 1047
1667501026762 18.0 1048
1667501026794 12.0 1049
1667501026826 12.0 1050
1667501026866 16.0 1051
1667501026910 18.0 1052
1667501026952 16.0 1053
1667501027005 22.0 1054
1667501027060 23.0 1055
1667501027115 22.0 1056
1667501027194 34.0 1057
1667501027261 29.0 1058
1667501027290 10.0 1059
1667501027326 14.0 1060
1667501027381 23.0 1061
1667501027428 19.0 1062
1667501027468 16.0 1063
1667501027516 20.0 1064
1667501027571 22.0 1065
1667501027615 18.0 1066
1667501027648 13.0 1067
1667501027688 15.0 1068
1667501027745 24.0 1069
1667501027806 26.0 1070
1667501027841 13.0 1071
1667501027909 29.0 1072
1667501027965 24.0 1073
1667501028014 19.0 1074
1667501028051 15.0 1075
1667501028094 17.0 1076
1667501028170 32.0 1077
1667501028206 14.0 1078
1667501028244 15.0 1079
1667501028325 34.0 1080
1667501028366 16.0 1081
1667501028412 18.0 1082
1667501028446 12.0 1083
1667501028498 21.0 1084
1667501028545 19.0 1085
1667501028610 26.0 1086
1667501028640 11.0 1087
1667501028692 21.0 1088
1667501028739 19.0 1089
1667501028768 11.0 1090
1667501028828 26.0 1091
1667501028899 30.0 1092
1667501028943 18.0 1093
1667501029016 32.0 1094
1667501029070 22.0 1095
1667501029150 35.0 1096
1667501029213 26.0 1097
1667501029255 17.0 1098
1667501029346 40.0 1099
1667501029393 19.0 1100
1667501029437 18.0 1101
1667501029476 15.0 1102
1667501029523 20.0 1103
1667501029572 19.0 1104
1667501029609 15.0 1105
1667501029652 18.0 1106
1667501029705 21.0 1107
1667501029736 12.0 1108
1667501029767 12.0 1109
1667501029823 23.0 1110
1667501029849 10.0 1111
1667501029932 36.0 1112
1667501030008 32.0 1113
1667501030064 24.0 1114
1667501030104 16.0 1115
1667501030144 15.0 1116
1667501030190 19.0 1117
1667501030227 15.0 1118
1667501030273 18.0 1119
1667501030308 14.0 1120
1667501030354 19.0 1121
1667501030400 18.0 1122
1667501030440 16.0 1123
1667501030473 13.0 1124
1667501030515 17.0 1125
1667501030552 15.0 1126
1667501030594 16.0 1127
1667501030656 26.0 1128
1667501030713 24.0 1129
1667501030746 13.0 1130
1667501030782 13.0 1131
1667501030810 11.0 1132
1667501030849 16.0 1133
1667501030890 15.0 1134
1667501030927 15.0 1135
1667501030994 29.0 1136
1667501031039 18.0 1137
1667501031078 15.0 1138
1667501031138 26.0 1139
1667501031189 20.0 1140
1667501031256 29.0 1141
1667501031330 32.0 1142
1667501031358 10.0 1143
1667501031407 20.0 1144
1667501031437 12.0 1145
1667501031507 29.0 1146
1667501031578 30.0 1147
1667501031632 23.0 1148
1667501031674 16.0 1149
1667501031755 36.0 1150
1667501031811 23.0 1151
1667501031874 25.0 1152
1667501031907 13.0 1153
1667501031974 29.0 1154
1667501032030 23.0 1155
1667501032072 17.0 1156
1667501032099 10.0 1157
1667501032134 14.0 1158
1667501032164 11.0 1159
1667501032202 15.0 1160
1667501032251 20.0 1161
1667501032296 18.0 1162
1667501032351 23.0 1163
1667501032386 13.0 1164
1667501032436 21.0 1165
1667501032509 31.0 1166
1667501032534 9.0 1167
1667501032583 20.0 1168
1667501032627 18.0 1169
1667501032677 20.0 1170
1667501032728 21.0 1171
1667501032792 27.0 1172
1667501032867 32.0 1173
1667501032956 40.0 1174
1667501032995 15.0 1175
1667501033030 13.0 1176
1667501033075 18.0 1177
1667501033122 19.0 1178
1667501033152 11.0 1179
1667501033188 14.0 1180
1667501033271 36.0 1181
1667501033308 14.0 1182
1667501033361 22.0 1183
1667501033388 10.0 1184
1667501033451 27.0 1185
1667501033484 13.0 1186
1667501033521 15.0 1187
1667501033568 19.0 1188
1667501033619 21.0 1189
1667501033653 13.0 1190
1667501033700 19.0 1191
1667501033732 12.0 1192
1667501033766 13.0 1193
1667501033803 14.0 1194
1667501033871 29.0 1195
1667501033913 17.0 1196
1667501033959 18.0 1197
1667501033995 14.0 1198
1667501034034 16.0 1199
1667501034087 21.0 1200
1667501034112 9.0 1201
1667501034167 23.0 1202
1667501034202 13.0 1203
1667501034237 14.0 1204
1667501034284 19.0 1205
1667501034340 23.0 1206
1667501034380 16.0 1207
1667501034424 18.0 1208
1667501034484 25.0 1209
1667501034532 20.0 1210
1667501034559 10.0 1211
1667501034638 34.0 1212
1667501034701 27.0 1213
1667501034737 14.0 1214
1667501034788 21.0 1215
1667501034821 13.0 1216
1667501034858 15.0 1217
1667501034890 11.0 1218
1667501034929 16.0 1219
1667501034968 15.0 1220
1667501035009 16.0 1221
1667501035080 16.0 1222
1667501035167 23.0 1223
1667501035201 12.0 1224
1667501035262 24.0 1225
1667501035323 25.0 1226
1667501035349 9.0 1227
1667501035385 14.0 1228
1667501035428 18.0 1229
1667501035456 10.0 1230
1667501035488 12.0 1231
1667501035530 17.0 1232
1667501035588 24.0 1233
1667501035621 13.0 1234
1667501035665 18.0 1235
1667501035744 34.0 1236
1667501035795 21.0 1237
1667501035855 26.0 1238
1667501035912 23.0 1239
1667501035959 20.0 1240
1667501036043 36.0 1241
1667501036078 12.0 1242
1667501036116 14.0 1243
1667501036155 15.0 1244
1667501036263 48.0 1245
1667501036317 23.0 1246
1667501036348 12.0 1247
1667501036419 30.0 1248
1667501036483 26.0 1249
1667501036519 14.0 1250
1667501036547 10.0 1251
1667501036587 16.0 1252
1667501036643 24.0 1253
1667501036677 13.0 1254
1667501036734 24.0 1255
1667501036776 16.0 1256
1667501036812 14.0 1257
1667501036874 26.0 1258
1667501036935 26.0 1259
1667501036968 13.0 1260
1667501037009 16.0 1261
1667501037069 25.0 1262
1667501037100 11.0 1263
1667501037131 12.0 1264
1667501037166 14.0 1265
1667501037204 15.0 1266
1667501037236 12.0 1267
1667501037280 18.0 1268
1667501037337 24.0 1269
1667501037399 26.0 1270
1667501037449 21.0 1271
1667501037526 33.0 1272
1667501037572 19.0 1273
1667501037624 21.0 1274
1667501037672 20.0 1275
1667501037724 21.0 1276
1667501037788 26.0 1277
1667501037839 20.0 1278
1667501037879 14.0 1279
1667501037922 17.0 1280
1667501037954 12.0 1281
1667501037993 15.0 1282
1667501038064 30.0 1283
1667501038115 21.0 1284
1667501038158 17.0 1285
1667501038191 13.0 1286
1667501038233 17.0 1287
1667501038267 12.0 1288
1667501038307 15.0 1289
1667501038361 21.0 1290
1667501038400 15.0 1291
1667501038451 21.0 1292
1667501038495 18.0 1293
1667501038605 48.0 1294
1667501038657 16.0 1295
1667501038697 14.0 1296
1667501038747 20.0 1297
1667501038784 15.0 1298
1667501038822 13.0 1299
1667501038877 22.0 1300
1667501038920 17.0 1301
1667501038966 17.0 1302
1667501039043 33.0 1303
1667501039089 19.0 1304
1667501039132 18.0 1305
1667501039168 14.0 1306
1667501039209 17.0 1307
1667501039242 13.0 1308
1667501039314 31.0 1309
1667501039381 29.0 1310
1667501039434 23.0 1311
1667501039472 15.0 1312
1667501039529 25.0 1313
1667501039574 19.0 1314
1667501039638 28.0 1315
1667501039679 17.0 1316
1667501039705 10.0 1317
1667501039770 28.0 1318
1667501039818 20.0 1319
1667501039863 19.0 1320
1667501039897 13.0 1321
1667501039946 21.0 1322
1667501039987 17.0 1323
1667501040028 16.0 1324
1667501040077 21.0 1325
1667501040120 18.0 1326
1667501040173 23.0 1327
1667501040249 34.0 1328
1667501040284 14.0 1329
1667501040317 13.0 1330
1667501040376 26.0 1331
1667501040417 18.0 1332
1667501040461 18.0 1333
1667501040500 17.0 1334
1667501040554 23.0 1335
1667501040615 26.0 1336
1667501040704 41.0 1337
1667501040738 13.0 1338
1667501040855 53.0 1339
1667501040885 12.0 1340
1667501040980 43.0 1341
1667501041011 12.0 1342
1667501041063 22.0 1343
1667501041109 20.0 1344
1667501041144 14.0 1345
1667501041186 17.0 1346
1667501041214 11.0 1347
1667501041290 34.0 1348
1667501041344 23.0 1349
1667501041384 17.0 1350
1667501041435 22.0 1351
1667501041487 22.0 1352
1667501041523 15.0 1353
1667501041566 18.0 1354
1667501041606 16.0 1355
1667501041649 18.0 1356
1667501041717 29.0 1357
1667501041752 13.0 1358
1667501041797 19.0 1359
1667501041837 16.0 1360
1667501041893 23.0 1361
1667501041934 17.0 1362
1667501042038 46.0 1363
1667501042090 21.0 1364
1667501042149 25.0 1365
1667501042245 42.0 1366
1667501042291 19.0 1367
1667501042355 28.0 1368
1667501042384 11.0 1369
1667501042470 38.0 1370
1667501042514 18.0 1371
1667501042565 22.0 1372
1667501042628 27.0 1373
1667501042680 21.0 1374
1667501042705 9.0 1375
1667501042751 18.0 1376
1667501042784 12.0 1377
1667501042825 17.0 1378
1667501042849 8.0 1379
1667501042906 23.0 1380
1667501042970 26.0 1381
1667501043023 21.0 1382
1667501043062 15.0 1383
1667501043106 17.0 1384
1667501043148 17.0 1385
1667501043194 19.0 1386
1667501043231 14.0 1387
1667501043289 24.0 1388
1667501043329 16.0 1389
1667501043385 21.0 1390
1667501043435 13.0 1391
1667501043493 24.0 1392
1667501043530 14.0 1393
1667501043579 20.0 1394
1667501043641 26.0 1395
1667501043671 10.0 1396
1667501043714 17.0 1397
1667501043778 27.0 1398
1667501043834 22.0 1399
1667501043919 34.0 1400
1667501043971 22.0 1401
1667501044032 25.0 1402
1667501044099 28.0 1403
1667501044135 14.0 1404
1667501044188 22.0 1405
1667501044249 26.0 1406
1667501044290 16.0 1407
1667501044354 27.0 1408
1667501044410 23.0 1409
1667501044500 39.0 1410
1667501044570 28.0 1411
1667501044606 13.0 1412
1667501044652 18.0 1413
1667501044697 18.0 1414
1667501044732 14.0 1415
1667501044786 22.0 1416
1667501044832 18.0 1417
1667501044925 39.0 1418
1667501044962 14.0 1419
1667501045006 17.0 1420
1667501045046 16.0 1421
1667501045085 16.0 1422
1667501045174 38.0 1423
1667501045217 17.0 1424
1667501045269 21.0 1425
1667501045343 31.0 1426
1667501045383 16.0 1427
1667501045429 18.0 1428
1667501045471 17.0 1429
1667501045546 32.0 1430
1667501045604 24.0 1431
1667501045660 23.0 1432
1667501045739 34.0 1433
1667501045770 12.0 1434
1667501045828 24.0 1435
1667501045868 16.0 1436
1667501046016 67.0 1437
1667501046078 25.0 1438
1667501046114 14.0 1439
1667501046143 11.0 1440
1667501046209 28.0 1441
1667501046268 25.0 1442
1667501046302 13.0 1443
1667501046386 37.0 1444
1667501046434 19.0 1445
1667501046493 25.0 1446
1667501046550 23.0 1447
1667501046638 39.0 1448
1667501046703 27.0 1449
1667501046753 20.0 1450
1667501046819 27.0 1451
1667501046879 26.0 1452
1667501046932 22.0 1453
1667501046969 15.0 1454
1667501047020 22.0 1455
1667501047091 30.0 1456
1667501047161 31.0 1457
1667501047253 41.0 1458
1667501047294 17.0 1459
1667501047362 28.0 1460
1667501047418 24.0 1461
1667501047481 26.0 1462
1667501047572 40.0 1463
1667501047610 14.0 1464
1667501047658 20.0 1465
1667501047715 24.0 1466
1667501047772 23.0 1467
1667501047869 43.0 1468
1667501047979 48.0 1469
1667501048050 32.0 1470
1667501048115 29.0 1471
1667501048205 41.0 1472
1667501048240 14.0 1473
1667501048339 43.0 1474
1667501048387 19.0 1475
1667501048620 108.0 1476
1667501048717 43.0 1477
1667501048765 20.0 1478
1667501048814 19.0 1479
1667501048906 41.0 1480
1667501049013 48.0 1481
1667501049334 150.0 1482
1667501049413 34.0 1483
1667501049455 17.0 1484
1667501049524 29.0 1485
1667501049574 20.0 1486
1667501049645 29.0 1487
1667501049701 23.0 1488
1667501049789 38.0 1489
1667501049826 15.0 1490
1667501049894 29.0 1491
1667501050086 88.0 1492
1667501050151 27.0 1493
1667501050471 150.0 1494
1667501050533 25.0 1495
1667501050886 165.0 1496
1667501050963 32.0 1497
1667501051167 94.0 1498
1667501051478 144.0 1499
1667501051525 19.0 1500
1667501051826 141.0 1501
1667501051943 52.0 1502
1667501052298 166.0 1503
1667501052647 164.0 1504
1667501052918 124.0 1505
1667501053298 178.0 1506
1667501053667 178.0 1507
1667501054070 191.0 1508
1667501054286 99.0 1509
1667501054641 170.0 1510
1667501055065 201.0 1511
1667501055438 174.0 1512
1667501055882 203.0 1513
1667501055945 26.0 1514
1667501056031 38.0 1515
1667501056439 194.0 1516
1667501056478 14.0 1517
1667501056842 166.0 1518
1667501057321 220.0 1519
1667501057703 167.0 1520
1667501058094 176.0 1521
1667501058253 69.0 1522
1667501058626 173.0 1523
1667501059226 286.0 1524
1667501059497 126.0 1525
1667501059952 216.0 1526
1667501060047 41.0 1527
1667501060483 205.0 1528
1667501060928 210.0 1529
1667501061266 157.0 1530
1667501061457 83.0 1531
1667501061516 24.0 1532
1667501061896 151.0 1533
1667501061989 36.0 1534
1667501062079 33.0 1535
1667501062283 86.0 1536
1667501062424 61.0 1537
1667501062800 176.0 1538
1667501063123 145.0 1539
1667501063538 189.0 1540
1667501064098 259.0 1541
1667501064613 234.0 1542
1667501064984 176.0 1543
1667501065293 145.0 1544
1667501065597 143.0 1545
1667501066085 230.0 1546
1667501066540 211.0 1547
1667501067001 216.0 1548
1667501067206 95.0 1549
1667501067668 216.0 1550
1667501068214 250.0 1551
1667501068595 174.0 1552
1667501069079 211.0 1553
1667501069265 80.0 1554
1667501069834 254.0 1555
1667501070193 165.0 1556
1667501070258 27.0 1557
1667501070302 18.0 1558
1667501070498 88.0 1559
1667501070555 23.0 1560
1667501071001 207.0 1561
1667501071524 245.0 1562
1667501072051 243.0 1563
1667501072142 38.0 1564
1667501072605 217.0 1565
1667501073243 296.0 1566
1667501073453 95.0 1567
1667501073583 58.0 1568
1667501073653 29.0 1569
1667501074124 218.0 1570
1667501074318 89.0 1571
1667501074967 302.0 1572
1667501075196 73.0 1573
1667501075629 193.0 1574
1667501075935 143.0 1575
1667501076480 249.0 1576
1667501077154 313.0 1577
1667501077828 314.0 1578
1667501078216 181.0 1579
1667501078658 203.0 1580
1667501079130 219.0 1581
1667501079293 72.0 1582
1667501079822 249.0 1583
1667501080220 188.0 1584
1667501080374 70.0 1585
1667501080741 161.0 1586
1667501081329 255.0 1587
1667501081474 57.0 1588
1667501082064 277.0 1589
1667501082247 84.0 1590
1667501082592 157.0 1591
1667501082898 142.0 1592
1667501082967 29.0 1593
1667501083498 246.0 1594
1667501083795 133.0 1595
1667501084467 308.0 1596
1667501084749 122.0 1597
1667501085448 278.0 1598
1667501086181 347.0 1599
1667501086448 117.0 1600
1667501087268 363.0 1601
1667501087334 26.0 1602
1667501087457 53.0 1603
1667501087724 119.0 1604
1667501088347 289.0 1605
1667501089042 326.0 1606
1667501089665 292.0 1607
1667501090120 204.0 1608
1667501090892 358.0 1609
1667501091214 149.0 1610
1667501091679 218.0 1611
1667501092163 229.0 1612
1667501092612 211.0 1613
1667501092880 124.0 1614
1667501093389 244.0 1615
1667501093863 219.0 1616
1667501094483 290.0 1617
1667501094940 200.0 1618
1667501095040 42.0 1619
1667501095570 214.0 1620
1667501096270 333.0 1621
1667501096780 241.0 1622
1667501097319 252.0 1623
1667501097894 267.0 1624
1667501098472 268.0 1625
1667501098932 214.0 1626
1667501099084 69.0 1627
1667501099444 171.0 1628
1667501099508 27.0 1629
1667501099925 194.0 1630
1667501100572 303.0 1631
1667501100967 183.0 1632
1667501101489 243.0 1633
1667501101919 199.0 1634
1667501102443 244.0 1635
1667501102859 196.0 1636
1667501102950 40.0 1637
1667501103359 193.0 1638
1667501103731 175.0 1639
1667501104119 187.0 1640
1667501104586 226.0 1641
1667501105147 239.0 1642
1667501105248 45.0 1643
1667501105643 191.0 1644
1667501106095 217.0 1645
1667501106606 239.0 1646
1667501106683 33.0 1647
1667501107164 228.0 1648
1667501107299 60.0 1649
1667501107837 251.0 1650
1667501107891 21.0 1651
1667501108313 201.0 1652
1667501108677 171.0 1653
1667501109004 149.0 1654
1667501109334 151.0 1655
1667501109838 237.0 1656
1667501110149 140.0 1657
1667501110575 197.0 1658
1667501110955 176.0 1659
1667501111354 185.0 1660
1667501111737 176.0 1661
1667501112144 188.0 1662
1667501112467 152.0 1663
1667501112978 236.0 1664
1667501113041 26.0 1665
1667501113122 35.0 1666
1667501113223 44.0 1667
1667501113523 137.0 1668
1667501113887 166.0 1669
1667501114346 216.0 1670
1667501114418 30.0 1671
1667501114659 110.0 1672
1667501115080 178.0 1673
1667501115405 136.0 1674
1667501115891 229.0 1675
1667501116359 218.0 1676
1667501116814 203.0 1677
1667501117220 190.0 1678
1667501117848 301.0 1679
1667501118337 231.0 1680
1667501118793 214.0 1681
1667501119264 222.0 1682
1667501119671 190.0 1683
1667501120278 291.0 1684
1667501121009 345.0 1685
1667501121468 213.0 1686
1667501121968 237.0 1687
1667501122392 199.0 1688
1667501123142 357.0 1689
1667501123726 281.0 1690
1667501124622 429.0 1691
1667501125228 255.0 1692
1667501126274 500.0 1693
1667501127070 383.0 1694
1667501127251 82.0 1695
1667501127800 260.0 1696
1667501128015 98.0 1697
1667501128559 262.0 1698
1667501129191 295.0 1699
1667501129796 288.0 1700
1667501129980 84.0 1701
1667501130653 319.0 1702
1667501131308 311.0 1703
1667501131909 284.0 1704
1667501132355 210.0 1705
1667501133085 347.0 1706
1667501133382 136.0 1707
1667501133970 275.0 1708
1667501134450 227.0 1709
1667501135235 337.0 1710
1667501135755 239.0 1711
1667501136395 306.0 1712
1667501136892 227.0 1713
1667501137715 389.0 1714
1667501138279 262.0 1715
1667501139294 466.0 1716
1667501140189 422.0 1717
1667501140776 276.0 1718
1667501141298 249.0 1719
1667501142054 365.0 1720
1667501142882 392.0 1721
1667501143512 286.0 1722
1667501144279 358.0 1723
1667501144580 136.0 1724
1667501145373 341.0 1725
1667501145994 293.0 1726
1667501146521 249.0 1727
1667501147259 352.0 1728
1667501147731 225.0 1729
1667501148228 238.0 1730
1667501148942 343.0 1731
1667501149838 416.0 1732
1667501150433 285.0 1733
1667501151009 270.0 1734
1667501151434 202.0 1735
1667501151701 124.0 1736
1667501152302 293.0 1737
1667501153106 375.0 1738
1667501153670 266.0 1739
1667501154104 205.0 1740
1667501154190 37.0 1741
1667501154716 244.0 1742
1667501155378 277.0 1743
1667501155626 115.0 1744
1667501156279 311.0 1745
1667501156356 33.0 1746
1667501157219 415.0 1747
1667501157919 335.0 1748
1667501158482 271.0 1749
1667501159187 336.0 1750
1667501159610 201.0 1751
1667501159872 120.0 1752
1667501160597 343.0 1753
1667501161234 301.0 1754
1667501161934 334.0 1755
1667501162469 253.0 1756
1667501162864 185.0 1757
1667501163778 431.0 1758
1667501164112 153.0 1759
1667501164298 85.0 1760
1667501164430 58.0 1761
1667501164501 30.0 1762
1667501165143 266.0 1763
1667501165746 284.0 1764
1667501165817 29.0 1765
1667501166246 201.0 1766
1667501166865 285.0 1767
1667501167550 325.0 1768
1667501167994 210.0 1769
1667501168379 181.0 1770
1667501168917 258.0 1771
1667501169285 167.0 1772
1667501169966 312.0 1773
1667501170346 173.0 1774
1667501170868 243.0 1775
1667501171224 168.0 1776
1667501171742 242.0 1777
1667501172096 167.0 1778
1667501172495 187.0 1779
1667501173151 308.0 1780
1667501173749 278.0 1781
1667501174113 168.0 1782
1667501174659 251.0 1783
1667501175304 270.0 1784
1667501175829 240.0 1785
1667501175896 29.0 1786
1667501176338 209.0 1787
1667501176735 183.0 1788
1667501177232 229.0 1789
1667501177842 283.0 1790
1667501178359 247.0 1791
1667501178899 254.0 1792
1667501179440 253.0 1793
1667501179928 231.0 1794
1667501180529 284.0 1795
1667501180637 46.0 1796
1667501181113 218.0 1797
1667501181534 201.0 1798
1667501181709 80.0 1799
1667501182389 318.0 1800
1667501182826 205.0 1801
1667501183519 322.0 1802
1667501184117 282.0 1803
1667501184755 300.0 1804
1667501185667 397.0 1805
1667501186479 383.0 1806
1667501186783 138.0 1807
1667501187434 308.0 1808
1667501188127 328.0 1809
1667501188864 345.0 1810
1667501189901 484.0 1811
1667501190942 500.0 1812
1667501191991 500.0 1813
1667501192709 338.0 1814
1667501193514 388.0 1815
1667501193824 146.0 1816
1667501194759 447.0 1817
1667501194892 60.0 1818
1667501195751 377.0 1819
1667501196371 285.0 1820
1667501197303 425.0 1821
1667501198335 486.0 1822
1667501198757 198.0 1823
1667501199030 127.0 1824
1667501199254 104.0 1825
1667501200295 500.0 1826
1667501200809 242.0 1827
1667501201329 246.0 1828
1667501201899 267.0 1829
1667501202063 74.0 1830
1667501202765 328.0 1831
1667501203442 315.0 1832
1667501204211 361.0 1833
1667501205002 365.0 1834
1667501206069 474.0 1835
1667501206696 298.0 1836
1667501207708 499.0 1837
1667501208742 500.0 1838
1667501209228 230.0 1839
1667501209821 286.0 1840
1667501210425 286.0 1841
1667501211133 337.0 1842
1667501211786 313.0 1843
1667501212336 256.0 1844
1667501212683 161.0 1845
1667501213379 335.0 1846
1667501213771 186.0 1847
1667501214222 208.0 1848
1667501214741 246.0 1849
1667501215414 285.0 1850
1667501216153 348.0 1851
1667501216650 235.0 1852
1667501217063 194.0 1853
1667501217545 229.0 1854
1667501218053 241.0 1855
1667501218621 275.0 1856
1667501219276 312.0 1857
1667501220203 434.0 1858
1667501220657 219.0 1859
1667501221118 213.0 1860
1667501221598 227.0 1861
1667501222067 225.0 1862
1667501222486 199.0 1863
1667501222998 242.0 1864
1667501223505 240.0 1865
1667501223907 188.0 1866
1667501224467 268.0 1867
1667501224839 173.0 1868
1667501225471 270.0 1869
1667501226141 316.0 1870
1667501226469 153.0 1871
1667501227051 273.0 1872
1667501227449 188.0 1873
1667501227961 241.0 1874
1667501228442 227.0 1875
1667501228878 210.0 1876
1667501229457 274.0 1877
1667501230041 280.0 1878
1667501230616 271.0 1879
1667501231226 282.0 1880
1667501231698 219.0 1881
1667501232092 184.0 1882
1667501232548 213.0 1883
1667501233158 287.0 1884
1667501233677 243.0 1885
1667501234424 355.0 1886
1667501234965 253.0 1887
1667501235841 377.0 1888
1667501236411 273.0 1889
1667501236934 250.0 1890
1667501237401 223.0 1891
1667501237919 244.0 1892
1667501238555 299.0 1893
1667501238956 190.0 1894
1667501239328 176.0 1895
1667501239800 225.0 1896
1667501240215 198.0 1897
1667501240708 233.0 1898
1667501241694 477.0 1899
1667501242107 191.0 1900
1667501242590 229.0 1901
1667501243225 302.0 1902
1667501244193 466.0 1903
1667501244917 347.0 1904
1667501245643 311.0 1905
1667501246344 331.0 1906
1667501247306 460.0 1907
1667501248326 481.0 1908
1667501248947 295.0 1909
1667501249661 338.0 1910
1667501250604 454.0 1911
1667501251507 440.0 1912
1667501251667 74.0 1913
1667501252472 384.0 1914
1667501253270 368.0 1915
1667501253902 303.0 1916
1667501254569 316.0 1917
1667501255700 500.0 1918
1667501255917 98.0 1919
1667501256959 500.0 1920
1667501258016 495.0 1921
1667501258358 162.0 1922
1667501258594 110.0 1923
1667501259399 379.0 1924
1667501260266 418.0 1925
1667501261302 500.0 1926
1667501261879 279.0 1927
1667501262468 281.0 1928
1667501263524 500.0 1929
1667501263932 189.0 1930
1667501264182 114.0 1931
1667501265315 500.0 1932
1667501266246 442.0 1933
1667501266419 79.0 1934
1667501267458 500.0 1935
1667501268500 500.0 1936
1667501269232 350.0 1937
1667501269512 128.0 1938
1667501270561 500.0 1939
1667501270697 62.0 1940
1667501271750 500.0 1941
1667501272794 500.0 1942
1667501273843 500.0 1943
1667501274896 500.0 1944
1667501275430 216.0 1945
1667501276489 500.0 1946
1667501277541 500.0 1947
1667501278591 500.0 1948
1667501279631 500.0 1949
1667501280327 328.0 1950
1667501281370 500.0 1951
1667501282426 500.0 1952
1667501282715 134.0 1953
1667501283717 461.0 1954
1667501284279 263.0 1955
1667501285400 500.0 1956
1667501285631 107.0 1957
1667501285961 152.0 1958
1667501287013 500.0 1959
1667501288065 500.0 1960
1667501288349 132.0 1961
1667501289098 362.0 1962
1667501290149 500.0 1963
1667501291180 500.0 1964
1667501292224 500.0 1965
1667501292613 182.0 1966
1667501293648 500.0 1967
1667501294692 500.0 1968
1667501294901 96.0 1969
1667501295994 500.0 1970
1667501296471 223.0 1971
1667501297174 328.0 1972
1667501297776 284.0 1973
1667501298039 124.0 1974
1667501298547 239.0 1975
1667501299594 500.0 1976
1667501299767 79.0 1977
1667501300809 500.0 1978
1667501301847 500.0 1979
1667501302611 366.0 1980
1667501303668 500.0 1981
1667501304746 500.0 1982
1667501305857 500.0 1983
1667501306925 500.0 1984
1667501307995 500.0 1985
1667501309047 500.0 1986
1667501310086 500.0 1987
1667501310584 233.0 1988
1667501311639 500.0 1989
1667501312690 500.0 1990
1667501313733 500.0 1991
1667501314781 500.0 1992
1667501315902 500.0 1993
1667501316939 500.0 1994
1667501317073 60.0 1995
1667501318120 500.0 1996
1667501318573 211.0 1997
1667501319617 500.0 1998
1667501320689 500.0 1999
1667501321703 478.0 2000
1667501322673 464.0 2001
1667501323739 500.0 2002
1667501324584 400.0 2003
1667501325332 321.0 2004
1667501326159 390.0 2005
1667501327222 500.0 2006
1667501328293 500.0 2007
1667501328974 321.0 2008
1667501330016 500.0 2009
1667501330824 383.0 2010
1667501331880 500.0 2011
1667501332924 494.0 2012
1667501333986 500.0 2013
1667501334920 438.0 2014
1667501335851 403.0 2015
1667501336586 347.0 2016
1667501337632 500.0 2017
1667501337823 85.0 2018
1667501338013 87.0 2019
1667501338588 277.0 2020
1667501339584 476.0 2021
1667501340441 408.0 2022
1667501341201 366.0 2023
1667501342273 500.0 2024
1667501343084 384.0 2025
1667501344158 500.0 2026
1667501345293 500.0 2027
1667501345525 108.0 2028
1667501346272 352.0 2029
1667501347335 500.0 2030
1667501348382 500.0 2031
1667501349403 500.0 2032
1667501350261 412.0 2033
1667501350991 342.0 2034
1667501351915 436.0 2035
1667501352961 500.0 2036
1667501354012 500.0 2037
1667501355117 500.0 2038
1667501355788 313.0 2039
1667501356847 500.0 2040
1667501357783 440.0 2041
1667501358422 297.0 2042
1667501359399 457.0 2043
1667501360408 474.0 2044
1667501361337 434.0 2045
1667501361760 198.0 2046
1667501362811 500.0 2047
1667501363672 416.0 2048
1667501364715 500.0 2049
1667501365815 500.0 2050
1667501366659 411.0 2051
1667501367717 500.0 2052
1667501368754 491.0 2053
1667501369759 484.0 2054
1667501370811 500.0 2055
1667501371882 500.0 2056
1667501372054 76.0 2057
1667501373122 500.0 2058
1667501374177 500.0 2059
1667501375300 500.0 2060
1667501376232 442.0 2061
1667501377157 445.0 2062
1667501378151 469.0 2063
1667501379203 500.0 2064
1667501379896 332.0 2065
1667501380790 416.0 2066
1667501381774 465.0 2067
1667501382834 500.0 2068
1667501383786 443.0 2069
1667501384213 192.0 2070
1667501385354 500.0 2071
1667501386169 383.0 2072
1667501387032 405.0 2073
1667501388071 484.0 2074
1667501389118 500.0 2075
1667501390174 500.0 2076
1667501391193 500.0 2077
1667501392230 500.0 2078
1667501393277 500.0 2079
1667501394357 500.0 2080
1667501395413 500.0 2081
1667501396041 303.0 2082
1667501397092 500.0 2083
1667501397924 392.0 2084
1667501398930 500.0 2085
1667501399908 500.0 2086
1667501400899 500.0 2087
1667501401221 161.0 2088
1667501402214 500.0 2089
1667501403192 500.0 2090
1667501403519 169.0 2091
1667501404474 500.0 2092
1667501405468 500.0 2093
1667501406127 335.0 2094
1667501407098 500.0 2095
1667501408088 500.0 2096
1667501408971 446.0 2097
1667501409960 500.0 2098
1667501410956 500.0 2099
1667501411255 148.0 2100
1667501412243 500.0 2101
1667501413257 500.0 2102
1667501414137 445.0 2103
1667501415128 500.0 2104
1667501416120 500.0 2105
1667501417116 500.0 2106
1667501418114 500.0 2107
1667501419113 500.0 2108
1667501420107 500.0 2109
1667501420977 438.0 2110
1667501421972 500.0 2111
1667501422972 500.0 2112
1667501423968 500.0 2113
1667501424959 500.0 2114
1667501425470 257.0 2115
1667501426205 382.0 2116
1667501427166 500.0 2117
1667501428153 500.0 2118
1667501429141 500.0 2119
1667501430130 500.0 2120
1667501431125 500.0 2121
1667501432130 500.0 2122
1667501433122 500.0 2123
1667501434111 500.0 2124
1667501435098 500.0 2125
1667501435935 422.0 2126
1667501436646 365.0 2127
1667501437560 467.0 2128
1667501438259 360.0 2129
1667501439067 412.0 2130
1667501439819 381.0 2131
1667501440822 500.0 2132
1667501441803 500.0 2133
1667501442520 361.0 2134
1667501443395 443.0 2135
1667501444387 500.0 2136
1667501445314 464.0 2137
1667501446315 500.0 2138
1667501447115 398.0 2139
1667501448115 500.0 2140
1667501449121 500.0 2141
1667501449662 268.0 2142
1667501450663 500.0 2143
1667501451588 462.0 2144
1667501452591 500.0 2145
1667501453607 500.0 2146
1667501454609 500.0 2147
1667501455614 500.0 2148
1667501456617 500.0 2149
1667501457610 494.0 2150
1667501458603 500.0 2151
1667501459203 296.0 2152
1667501460206 500.0 2153
1667501461179 500.0 2154
1667501461950 384.0 2155
1667501462929 500.0 2156
1667501463912 500.0 2157
1667501464898 500.0 2158
1667501465894 500.0 2159
1667501466892 500.0 2160
1667501467891 500.0 2161
1667501468876 500.0 2162
1667501469844 500.0 2163
1667501470833 500.0 2164
1667501471826 500.0 2165
1667501472069 120.0 2166
1667501473060 500.0 2167
1667501474050 500.0 2168
1667501475035 500.0 2169
1667501476023 500.0 2170
1667501476450 214.0 2171
1667501477435 500.0 2172
1667501478419 500.0 2173
1667501479404 500.0 2174
1667501480391 500.0 2175
1667501481380 500.0 2176
1667501482365 500.0 2177
1667501483332 500.0 2178
1667501484319 500.0 2179
1667501485307 500.0 2180
1667501486293 500.0 2181
1667501487274 500.0 2182
1667501488023 379.0 2183
1667501488587 284.0 2184
1667501489576 500.0 2185
1667501490024 223.0 2186
1667501491015 500.0 2187
1667501492019 500.0 2188
1667501493042 500.0 2189
1667501493717 338.0 2190
1667501494709 500.0 2191
1667501495691 500.0 2192
1667501495823 62.0 2193
1667501496813 500.0 2194
1667501497745 471.0 2195
1667501498736 500.0 2196
1667501499477 372.0 2197
1667501500249 388.0 2198
1667501501238 500.0 2199
1667501502227 500.0 2200
1667501503218 500.0 2201
1667501503839 312.0 2202
1667501504826 500.0 2203
1667501505815 500.0 2204
1667501506805 500.0 2205
1667501507792 500.0 2206
1667501508783 500.0 2207
1667501509759 500.0 2208
1667501510736 500.0 2209
1667501511726 500.0 2210
1667501512502 391.0 2211
1667501513496 500.0 2212
1667501514481 500.0 2213
1667501515449 500.0 2214
1667501516424 500.0 2215
1667501517409 500.0 2216
1667501518399 500.0 2217
1667501519390 500.0 2218
1667501520219 417.0 2219
1667501521207 500.0 2220
1667501522198 500.0 2221
1667501523202 500.0 2222
1667501524198 500.0 2223
1667501525194 500.0 2224
1667501526192 500.0 2225
1667501527148 479.0 2226
1667501528144 500.0 2227
1667501528884 372.0 2228
1667501529876 500.0 2229
1667501530337 230.0 2230
1667501531327 500.0 2231
1667501531784 226.0 2232
1667501532195 205.0 2233
1667501532628 216.0 2234
1667501533616 500.0 2235
1667501534609 500.0 2236
1667501535596 500.0 2237
1667501536594 500.0 2238
1667501537589 500.0 2239
1667501538588 500.0 2240
1667501539586 500.0 2241
1667501540584 500.0 2242
1667501541588 500.0 2243
1667501542587 500.0 2244
1667501543587 500.0 2245
1667501544591 500.0 2246
1667501545594 500.0 2247
1667501546652 500.0 2248
1667501547047 133.0 2249
1667501548168 500.0 2250
1667501549207 500.0 2251
1667501549570 172.0 2252
1667501550632 500.0 2253
1667501551491 358.0 2254
1667501552647 500.0 2255
1667501553817 500.0 2256
1667501554928 500.0 2257
1667501555890 393.0 2258
1667501556969 500.0 2259
1667501558024 489.0 2260
1667501559110 500.0 2261
1667501560225 500.0 2262
1667501561302 500.0 2263
1667501562198 408.0 2264
1667501563316 500.0 2265
1667501564430 500.0 2266
1667501565643 500.0 2267
1667501566752 500.0 2268
1667501567080 143.0 2269
1667501568169 500.0 2270
1667501569270 500.0 2271
1667501570400 500.0 2272
1667501571524 500.0 2273
1667501572625 500.0 2274
1667501573685 500.0 2275
1667501574777 500.0 2276
1667501575984 500.0 2277
1667501577103 500.0 2278
1667501578240 500.0 2279
1667501579367 500.0 2280
1667501580500 500.0 2281
1667501581632 500.0 2282
1667501582788 500.0 2283
1667501583948 500.0 2284
1667501585094 500.0 2285
1667501586149 472.0 2286
1667501587253 500.0 2287
1667501588353 481.0 2288
1667501589501 500.0 2289
1667501590592 500.0 2290
1667501591686 500.0 2291
1667501592762 488.0 2292
1667501593819 500.0 2293
1667501594884 500.0 2294
1667501595978 500.0 2295
1667501597140 500.0 2296
1667501598249 500.0 2297
