1667499600131 33.0 0
1667499600328 17.0 1
1667499600503 28.0 2
1667499600636 64.0 3
1667499600672 15.0 4
1667499600731 26.0 5
1667499600795 29.0 6
1667499600953 75.0 7
1667499600996 18.0 8
1667499601084 40.0 9
1667499601133 21.0 10
1667499601181 20.0 11
1667499601265 38.0 12
1667499601296 12.0 13
1667499601362 31.0 14
1667499601407 20.0 15
1667499601518 53.0 16
1667499601630 54.0 17
1667499601682 22.0 18
1667499601749 31.0 19
1667499601806 25.0 20
1667499601866 28.0 21
1667499601919 23.0 22
1667499601974 25.0 23
1667499602166 93.0 24
1667499602225 23.0 25
1667499602353 60.0 26
1667499602460 47.0 27
1667499602491 11.0 28
1667499602568 35.0 29
1667499602699 57.0 30
1667499602745 19.0 31
1667499602806 27.0 32
1667499602843 16.0 33
1667499602903 28.0 34
1667499603003 47.0 35
1667499603063 27.0 36
1667499603103 17.0 37
1667499603152 22.0 38
1667499603251 46.0 39
1667499603324 33.0 40
1667499603387 29.0 41
1667499603487 48.0 42
1667499603556 27.0 43
1667499603626 31.0 44
1667499603653 11.0 45
1667499603697 19.0 46
1667499603786 42.0 47
1667499603899 55.0 48
1667499604018 57.0 49
1667499604082 29.0 50
1667499604119 15.0 51
1667499604157 16.0 52
1667499604238 38.0 53
1667499604349 51.0 54
1667499604385 15.0 55
1667499604454 31.0 56
1667499604535 38.0 57
1667499604608 33.0 58
1667499604722 53.0 59
1667499604786 28.0 60
1667499604812 10.0 61
1667499604871 27.0 62
1667499604932 27.0 63
1667499604968 16.0 64
1667499605000 13.0 65
1667499605057 25.0 66
1667499605186 61.0 67
1667499605259 28.0 68
1667499605319 27.0 69
1667499605358 15.0 70
1667499605540 83.0 71
1667499605578 15.0 72
1667499605645 31.0 73
1667499605691 19.0 74
1667499605799 50.0 75
1667499605921 56.0 76
1667499605992 32.0 77
1667499606078 39.0 78
1667499606165 39.0 79
1667499606236 32.0 80
1667499606362 60.0 81
1667499606388 10.0 82
1667499606456 32.0 83
1667499606517 28.0 84
1667499606567 22.0 85
1667499606608 17.0 86
1667499606652 20.0 87
1667499606739 39.0 88
1667499606815 34.0 89
1667499606893 34.0 90
1667499606941 21.0 91
1667499607046 36.0 92
1667499607111 27.0 93
1667499607234 55.0 94
1667499607345 50.0 95
1667499607462 55.0 96
1667499607533 33.0 97
1667499607563 12.0 98
1667499607681 55.0 99
1667499607727 19.0 100
1667499607817 43.0 101
1667499607880 27.0 102
1667499607924 19.0 103
1667499608022 40.0 104
1667499608067 19.0 105
1667499608201 61.0 106
1667499608293 41.0 107
1667499608322 10.0 108
1667499608375 23.0 109
1667499608458 38.0 110
1667499608556 44.0 111
1667499608599 19.0 112
1667499608674 34.0 113
1667499608747 31.0 114
1667499608888 68.0 115
1667499608968 38.0 116
1667499609015 20.0 117
1667499609213 98.0 118
1667499609345 63.0 119
1667499609418 35.0 120
1667499609499 37.0 121
1667499609558 27.0 122
1667499609620 28.0 123
1667499609701 38.0 124
1667499609780 35.0 125
1667499609826 20.0 126
1667499609928 41.0 127
1667499610013 34.0 128
1667499610066 23.0 129
1667499610126 27.0 130
1667499610238 53.0 131
1667499610323 41.0 132
1667499610386 29.0 133
1667499610450 30.0 134
1667499610564 54.0 135
1667499610601 16.0 136
1667499610649 20.0 137
1667499610696 21.0 138
1667499610815 57.0 139
1667499610886 31.0 140
1667499610986 44.0 141
1667499611124 46.0 142
1667499611210 39.0 143
1667499611297 40.0 144
1667499611464 82.0 145
1667499611550 39.0 146
1667499611586 16.0 147
1667499611722 64.0 148
1667499611790 30.0 149
1667499611864 30.0 150
1667499611939 32.0 151
1667499612006 29.0 152
1667499612122 54.0 153
1667499612153 12.0 154
1667499612219 31.0 155
1667499612308 41.0 156
1667499612386 36.0 157
1667499612434 22.0 158
1667499612496 28.0 159
1667499612557 27.0 160
1667499612668 53.0 161
1667499612702 14.0 162
1667499612767 29.0 163
1667499612880 55.0 164
1667499612930 22.0 165
1667499613003 35.0 166
1667499613069 30.0 167
1667499613121 24.0 168
1667499613166 20.0 169
1667499613195 12.0 170
1667499613304 53.0 171
1667499613395 42.0 172
1667499613490 41.0 173
1667499613654 80.0 174
1667499613685 13.0 175
1667499613777 43.0 176
1667499613898 58.0 177
1667499613973 35.0 178
1667499614013 18.0 179
1667499614059 19.0 180
1667499614197 67.0 181
1667499614232 14.0 182
1667499614295 29.0 183
1667499614382 42.0 184
1667499614429 20.0 185
1667499614508 29.0 186
1667499614548 16.0 187
1667499614597 22.0 188
1667499614718 57.0 189
1667499614770 22.0 190
1667499614817 21.0 191
1667499614861 19.0 192
1667499614938 35.0 193
1667499614996 26.0 194
1667499615084 40.0 195
1667499615145 27.0 196
1667499615207 28.0 197
1667499615293 40.0 198
1667499615330 15.0 199
1667499615361 13.0 200
1667499615388 11.0 201
1667499615633 115.0 202
1667499615699 28.0 203
1667499615810 51.0 204
1667499615883 33.0 205
1667499615916 14.0 206
1667499616077 78.0 207
1667499616121 19.0 208
1667499616198 35.0 209
1667499616243 19.0 210
1667499616335 41.0 211
1667499616448 54.0 212
1667499616584 67.0 213
1667499616630 19.0 214
1667499616704 35.0 215
1667499616759 24.0 216
1667499616835 36.0 217
1667499616926 43.0 218
1667499617049 58.0 219
1667499617073 9.0 220
1667499617152 37.0 221
1667499617223 33.0 222
1667499617309 41.0 223
1667499617423 54.0 224
1667499617633 101.0 225
1667499617702 31.0 226
1667499617759 24.0 227
1667499617789 13.0 228
1667499617818 12.0 229
1667499617878 27.0 230
1667499617945 31.0 231
1667499618056 53.0 232
1667499618162 51.0 233
1667499618226 28.0 234
1667499618272 21.0 235
1667499618344 34.0 236
1667499618467 61.0 237
1667499618526 26.0 238
1667499618572 21.0 239
1667499618625 23.0 240
1667499618673 21.0 241
1667499618749 35.0 242
1667499618821 34.0 243
1667499618929 51.0 244
1667499618970 18.0 245
1667499619006 15.0 246
1667499619041 15.0 247
1667499619074 15.0 248
1667499619159 39.0 249
1667499619325 68.0 250
1667499619474 47.0 251
1667499619527 20.0 252
1667499619592 22.0 253
1667499619684 42.0 254
1667499619730 20.0 255
1667499619775 19.0 256
1667499619890 55.0 257
1667499619961 32.0 258
1667499620027 31.0 259
1667499620125 46.0 260
1667499620202 36.0 261
1667499620273 31.0 262
1667499620327 24.0 263
1667499620376 21.0 264
1667499620438 29.0 265
1667499620476 16.0 266
1667499620608 61.0 267
1667499620684 34.0 268
1667499620757 34.0 269
1667499620829 33.0 270
1667499620896 31.0 271
1667499620922 10.0 272
1667499621073 72.0 273
1667499621105 13.0 274
1667499621145 18.0 275
1667499621209 30.0 276
1667499621322 55.0 277
1667499621386 30.0 278
1667499621418 13.0 279
1667499621546 61.0 280
1667499621600 24.0 281
1667499621684 40.0 282
1667499621750 30.0 283
1667499621857 52.0 284
1667499621979 59.0 285
1667499622024 19.0 286
1667499622099 34.0 287
1667499622185 40.0 288
1667499622257 31.0 289
1667499622340 38.0 290
1667499622440 45.0 291
1667499622504 30.0 292
1667499622551 21.0 293
1667499622701 72.0 294
1667499622805 49.0 295
1667499622900 45.0 296
1667499622968 30.0 297
1667499623005 16.0 298
1667499623099 44.0 299
1667499623137 15.0 300
1667499623284 67.0 301
1667499623366 36.0 302
1667499623415 21.0 303
1667499623473 25.0 304
1667499623544 31.0 305
1667499623629 34.0 306
1667499623777 69.0 307
1667499623819 18.0 308
1667499623917 47.0 309
1667499623971 24.0 310
1667499624027 24.0 311
1667499624085 26.0 312
1667499624156 30.0 313
1667499624318 74.0 314
1667499624456 64.0 315
1667499624518 28.0 316
1667499624608 40.0 317
1667499624686 36.0 318
1667499624763 34.0 319
1667499624877 48.0 320
1667499624974 44.0 321
1667499625212 117.0 322
1667499625306 43.0 323
1667499625353 21.0 324
1667499625394 17.0 325
1667499625466 34.0 326
1667499625561 45.0 327
1667499625665 51.0 328
1667499625762 46.0 329
1667499625796 14.0 330
1667499625869 34.0 331
1667499625943 35.0 332
1667499626013 32.0 333
1667499626154 69.0 334
1667499626226 33.0 335
1667499626343 57.0 336
1667499626389 20.0 337
1667499626421 14.0 338
1667499626536 55.0 339
1667499626779 118.0 340
1667499626835 25.0 341
1667499626960 59.0 342
1667499627014 25.0 343
1667499627101 40.0 344
1667499627145 19.0 345
1667499627189 18.0 346
1667499627285 44.0 347
1667499627386 38.0 348
1667499627479 43.0 349
1667499627574 44.0 350
1667499627642 31.0 351
1667499627758 56.0 352
1667499627872 53.0 353
1667499627952 35.0 354
1667499628047 46.0 355
1667499628086 16.0 356
1667499628218 64.0 357
1667499628307 41.0 358
1667499628342 15.0 359
1667499628611 130.0 360
1667499628715 48.0 361
1667499628776 26.0 362
1667499628851 34.0 363
1667499628958 48.0 364
1667499628994 15.0 365
1667499629037 18.0 366
1667499629138 49.0 367
1667499629266 63.0 368
1667499629344 36.0 369
1667499629400 25.0 370
1667499629430 12.0 371
1667499629488 24.0 372
1667499629651 75.0 373
1667499629791 67.0 374
1667499629850 26.0 375
1667499629923 34.0 376
1667499630056 62.0 377
1667499630088 13.0 378
1667499630131 18.0 379
1667499630245 53.0 380
1667499630345 47.0 381
1667499630429 39.0 382
1667499630492 28.0 383
1667499630553 28.0 384
1667499630591 16.0 385
1667499630627 16.0 386
1667499630680 24.0 387
1667499630743 27.0 388
1667499630816 35.0 389
1667499630952 66.0 390
1667499631044 43.0 391
1667499631097 24.0 392
1667499631150 24.0 393
1667499631220 25.0 394
1667499631289 31.0 395
1667499631327 16.0 396
1667499631420 43.0 397
1667499631533 53.0 398
1667499631635 48.0 399
1667499631672 15.0 400
1667499631738 30.0 401
1667499631787 21.0 402
1667499631882 45.0 403
1667499631964 30.0 404
1667499632015 21.0 405
1667499632205 63.0 406
1667499632251 17.0 407
1667499632376 47.0 408
1667499632493 56.0 409
1667499632573 37.0 410
1667499632643 33.0 411
1667499632700 26.0 412
1667499632845 72.0 413
1667499632947 48.0 414
1667499633058 54.0 415
1667499633150 44.0 416
1667499633304 77.0 417
1667499633391 40.0 418
1667499633607 107.0 419
1667499633667 27.0 420
1667499633713 21.0 421
1667499633767 23.0 422
1667499633890 60.0 423
1667499634038 72.0 424
1667499634099 27.0 425
1667499634171 32.0 426
1667499634203 13.0 427
1667499634269 30.0 428
1667499634301 13.0 429
1667499634328 11.0 430
1667499634383 24.0 431
1667499634452 32.0 432
1667499634632 86.0 433
1667499634749 56.0 434
1667499634826 35.0 435
1667499634989 80.0 436
1667499635055 30.0 437
1667499635173 57.0 438
1667499635256 39.0 439
1667499635361 50.0 440
1667499635438 36.0 441
1667499635467 12.0 442
1667499635523 25.0 443
1667499635735 106.0 444
1667499635788 22.0 445
1667499635854 30.0 446
1667499635940 40.0 447
1667499635985 20.0 448
1667499636044 26.0 449
1667499636111 31.0 450
1667499636241 63.0 451
1667499636288 21.0 452
1667499636389 49.0 453
1667499636420 13.0 454
1667499636506 41.0 455
1667499636551 20.0 456
1667499636632 38.0 457
1667499636671 16.0 458
1667499636798 61.0 459
1667499636847 23.0 460
1667499636937 42.0 461
1667499637020 39.0 462
1667499637109 41.0 463
1667499637225 56.0 464
1667499637287 28.0 465
1667499637377 43.0 466
1667499637443 31.0 467
1667499637523 39.0 468
1667499637614 44.0 469
1667499637742 63.0 470
1667499637788 20.0 471
1667499637887 46.0 472
1667499637945 25.0 473
1667499638174 114.0 474
1667499638325 75.0 475
1667499638396 34.0 476
1667499638434 16.0 477
1667499638505 33.0 478
1667499638830 166.0 479
1667499638883 23.0 480
1667499638918 14.0 481
1667499639006 42.0 482
1667499639074 31.0 483
1667499639120 21.0 484
1667499639241 60.0 485
1667499639392 74.0 486
1667499639476 38.0 487
1667499639526 22.0 488
1667499639612 35.0 489
1667499639687 34.0 490
1667499639729 18.0 491
1667499640018 143.0 492
1667499640096 35.0 493
1667499640131 15.0 494
1667499640169 16.0 495
1667499640282 54.0 496
1667499640312 12.0 497
1667499640427 55.0 498
1667499640477 22.0 499
1667499640522 20.0 500
1667499640606 39.0 501
1667499640682 35.0 502
1667499640753 33.0 503
1667499640799 19.0 504
1667499640907 50.0 505
1667499640967 25.0 506
1667499641130 77.0 507
1667499641328 90.0 508
1667499641448 29.0 509
1667499641503 24.0 510
1667499641559 25.0 511
1667499641631 28.0 512
1667499641695 19.0 513
1667499641909 103.0 514
1667499641983 34.0 515
1667499642039 24.0 516
1667499642082 19.0 517
1667499642220 65.0 518
1667499642304 38.0 519
1667499642339 14.0 520
1667499642479 66.0 521
1667499642534 24.0 522
1667499642629 43.0 523
1667499642667 17.0 524
1667499642768 47.0 525
1667499642810 18.0 526
1667499642868 26.0 527
1667499642947 37.0 528
1667499643012 29.0 529
1667499643053 18.0 530
1667499643136 39.0 531
1667499643184 22.0 532
1667499643258 34.0 533
1667499643457 101.0 534
1667499643497 16.0 535
1667499643558 28.0 536
1667499643587 12.0 537
1667499643693 50.0 538
1667499643742 22.0 539
1667499643833 42.0 540
1667499643978 70.0 541
1667499644074 40.0 542
1667499644143 33.0 543
1667499644251 51.0 544
1667499644314 29.0 545
1667499644406 44.0 546
1667499644469 29.0 547
1667499644663 96.0 548
1667499644741 36.0 549
1667499644819 37.0 550
1667499644900 38.0 551
1667499644950 22.0 552
1667499645049 47.0 553
1667499645117 31.0 554
1667499645264 74.0 555
1667499645316 23.0 556
1667499645344 11.0 557
1667499645445 49.0 558
1667499645527 38.0 559
1667499645610 39.0 560
1667499645670 27.0 561
1667499645777 50.0 562
1667499645950 83.0 563
1667499645999 21.0 564
1667499646034 15.0 565
1667499646143 52.0 566
1667499646254 54.0 567
1667499646318 29.0 568
1667499646348 12.0 569
1667499646425 37.0 570
1667499646518 43.0 571
1667499646611 45.0 572
1667499646680 31.0 573
1667499646718 17.0 574
1667499646949 114.0 575
1667499647022 34.0 576
1667499647096 33.0 577
1667499647217 58.0 578
1667499647299 38.0 579
1667499647390 42.0 580
1667499647454 29.0 581
1667499647507 24.0 582
1667499647573 30.0 583
1667499647619 20.0 584
1667499647664 19.0 585
1667499647802 47.0 586
1667499647925 46.0 587
1667499647972 20.0 588
1667499648041 32.0 589
1667499648155 54.0 590
1667499648271 54.0 591
1667499648311 18.0 592
1667499648364 24.0 593
1667499648495 63.0 594
1667499648584 42.0 595
1667499648739 72.0 596
1667499648781 18.0 597
1667499648870 41.0 598
1667499648948 30.0 599
1667499649070 59.0 600
1667499649182 53.0 601
1667499649238 26.0 602
1667499649298 27.0 603
1667499649364 30.0 604
1667499649402 16.0 605
1667499649511 53.0 606
1667499649534 9.0 607
1667499649589 24.0 608
1667499649618 12.0 609
1667499649753 65.0 610
1667499649866 53.0 611
1667499649942 35.0 612
1667499650026 39.0 613
1667499650098 33.0 614
1667499650146 22.0 615
1667499650198 23.0 616
1667499650353 78.0 617
1667499650396 18.0 618
1667499650481 41.0 619
1667499650549 31.0 620
1667499650620 33.0 621
1667499650651 13.0 622
1667499650745 43.0 623
1667499650890 72.0 624
1667499651042 76.0 625
1667499651153 55.0 626
1667499651228 36.0 627
1667499651409 60.0 628
1667499651539 64.0 629
1667499651626 41.0 630
1667499651665 17.0 631
1667499651786 58.0 632
1667499651840 25.0 633
1667499651894 24.0 634
1667499652002 53.0 635
1667499652073 33.0 636
1667499652104 13.0 637
1667499652211 49.0 638
1667499652264 19.0 639
1667499652338 33.0 640
1667499652382 19.0 641
1667499652527 67.0 642
1667499652641 52.0 643
1667499652803 77.0 644
1667499652895 32.0 645
1667499652996 47.0 646
1667499653127 58.0 647
1667499653274 60.0 648
1667499653468 88.0 649
1667499653546 35.0 650
1667499653629 39.0 651
1667499653828 95.0 652
1667499653894 30.0 653
1667499654009 54.0 654
1667499654163 74.0 655
1667499654227 28.0 656
1667499654369 68.0 657
1667499654528 74.0 658
1667499654576 20.0 659
1667499654688 49.0 660
1667499654780 43.0 661
1667499654841 27.0 662
1667499654899 25.0 663
1667499654996 45.0 664
1667499655046 21.0 665
1667499655119 33.0 666
1667499655200 37.0 667
1667499655361 77.0 668
1667499655470 49.0 669
1667499655560 42.0 670
1667499655633 32.0 671
1667499655662 12.0 672
1667499655745 36.0 673
1667499655818 33.0 674
1667499655881 27.0 675
1667499656012 58.0 676
1667499656138 50.0 677
1667499656201 28.0 678
1667499656290 41.0 679
1667499656346 25.0 680
1667499656411 29.0 681
1667499656518 50.0 682
1667499656588 31.0 683
1667499656700 52.0 684
1667499656817 44.0 685
1667499656872 23.0 686
1667499656918 20.0 687
1667499656978 26.0 688
1667499657023 20.0 689
1667499657073 22.0 690
1667499657103 12.0 691
1667499657203 47.0 692
1667499657228 10.0 693
1667499657293 29.0 694
1667499657391 45.0 695
1667499657436 19.0 696
1667499657531 44.0 697
1667499657617 39.0 698
1667499657700 37.0 699
1667499657878 83.0 700
1667499657956 33.0 701
1667499658005 19.0 702
1667499658202 88.0 703
1667499658249 17.0 704
1667499658283 13.0 705
1667499658351 28.0 706
1667499658491 60.0 707
1667499658604 49.0 708
1667499658704 42.0 709
1667499658797 42.0 710
1667499658899 44.0 711
1667499658957 24.0 712
1667499659073 51.0 713
1667499659137 26.0 714
1667499659286 63.0 715
1667499659363 31.0 716
1667499659518 59.0 717
1667499659630 50.0 718
1667499659666 13.0 719
1667499659762 41.0 720
1667499659867 46.0 721
1667499659948 35.0 722
1667499660068 52.0 723
1667499660190 55.0 724
1667499660269 35.0 725
1667499660373 48.0 726
1667499660430 25.0 727
1667499660514 37.0 728
1667499660559 18.0 729
1667499660679 49.0 730
1667499660752 31.0 731
1667499660859 48.0 732
1667499660926 29.0 733
1667499661032 49.0 734
1667499661142 51.0 735
1667499661278 66.0 736
1667499661405 59.0 737
1667499661581 84.0 738
1667499661679 44.0 739
1667499661814 64.0 740
1667499661913 46.0 741
1667499662058 67.0 742
1667499662184 60.0 743
1667499662270 40.0 744
1667499662347 37.0 745
1667499662479 63.0 746
1667499662586 50.0 747
1667499662699 52.0 748
1667499662816 55.0 749
1667499662849 13.0 750
1667499662882 14.0 751
1667499662993 52.0 752
1667499663088 44.0 753
1667499663140 23.0 754
1667499663185 19.0 755
1667499663250 30.0 756
1667499663409 73.0 757
1667499663504 44.0 758
1667499663662 74.0 759
1667499663732 32.0 760
1667499663852 57.0 761
1667499664085 111.0 762
1667499664209 56.0 763
1667499664268 26.0 764
1667499664325 24.0 765
1667499664418 44.0 766
1667499664506 41.0 767
1667499664562 24.0 768
1667499664657 44.0 769
1667499664829 83.0 770
1667499664915 40.0 771
1667499664977 28.0 772
1667499665013 16.0 773
1667499665177 80.0 774
1667499665241 29.0 775
1667499665334 44.0 776
1667499665542 95.0 777
1667499665698 72.0 778
1667499665828 52.0 779
1667499665862 13.0 780
1667499665997 65.0 781
1667499666115 54.0 782
1667499666211 44.0 783
1667499666389 86.0 784
1667499666436 20.0 785
1667499666565 59.0 786
1667499666622 24.0 787
1667499666778 71.0 788
1667499666849 31.0 789
1667499666893 19.0 790
1667499667041 70.0 791
1667499667123 38.0 792
1667499667200 36.0 793
1667499667289 41.0 794
1667499667346 24.0 795
1667499667441 44.0 796
1667499667559 52.0 797
1667499667698 63.0 798
1667499667789 41.0 799
1667499667891 48.0 800
1667499667954 28.0 801
1667499668166 102.0 802
1667499668239 32.0 803
1667499668334 45.0 804
1667499668451 54.0 805
1667499668556 47.0 806
1667499668636 35.0 807
1667499668679 17.0 808
1667499668712 11.0 809
1667499668785 32.0 810
1667499668869 38.0 811
1667499668973 48.0 812
1667499669048 32.0 813
1667499669185 63.0 814
1667499669322 63.0 815
1667499669434 51.0 816
1667499669549 50.0 817
1667499669644 43.0 818
1667499669697 22.0 819
1667499669783 38.0 820
1667499669880 43.0 821
1667499669924 19.0 822
1667499669962 15.0 823
1667499670042 35.0 824
1667499670077 13.0 825
1667499670105 11.0 826
1667499670223 54.0 827
1667499670415 90.0 828
1667499670498 37.0 829
1667499670605 47.0 830
1667499670682 35.0 831
1667499670882 91.0 832
1667499670947 28.0 833
1667499671035 39.0 834
1667499671157 57.0 835
1667499671228 32.0 836
1667499671263 15.0 837
1667499671315 22.0 838
1667499671463 70.0 839
1667499671558 43.0 840
1667499671689 55.0 841
1667499671809 57.0 842
1667499671859 22.0 843
1667499671928 30.0 844
1667499672068 68.0 845
1667499672184 54.0 846
1667499672285 48.0 847
1667499672396 52.0 848
1667499672504 52.0 849
1667499672664 78.0 850
1667499672704 15.0 851
1667499672804 47.0 852
1667499672921 54.0 853
1667499673038 55.0 854
1667499673106 29.0 855
1667499673189 38.0 856
1667499673223 13.0 857
1667499673310 40.0 858
1667499673414 48.0 859
1667499673513 45.0 860
1667499673621 51.0 861
1667499673746 59.0 862
1667499673913 80.0 863
1667499673957 19.0 864
1667499674062 48.0 865
1667499674159 45.0 866
1667499674248 39.0 867
1667499674302 24.0 868
1667499674348 20.0 869
1667499674491 68.0 870
1667499674531 16.0 871
1667499674711 87.0 872
1667499674758 20.0 873
1667499674901 67.0 874
1667499675187 137.0 875
1667499675281 42.0 876
1667499675354 33.0 877
1667499675432 30.0 878
1667499675573 66.0 879
1667499675614 17.0 880
1667499675688 32.0 881
1667499675789 46.0 882
1667499675998 98.0 883
1667499676049 22.0 884
1667499676113 27.0 885
1667499676212 46.0 886
1667499676246 14.0 887
1667499676323 35.0 888
1667499676394 31.0 889
1667499676525 60.0 890
1667499676603 35.0 891
1667499676713 52.0 892
1667499676755 17.0 893
1667499676885 60.0 894
1667499677034 70.0 895
1667499677139 48.0 896
1667499677267 60.0 897
1667499677321 23.0 898
1667499677359 16.0 899
1667499677462 48.0 900
1667499677586 58.0 901
1667499677734 69.0 902
1667499677880 67.0 903
1667499678014 61.0 904
1667499678076 27.0 905
1667499678220 68.0 906
1667499678366 66.0 907
1667499678562 87.0 908
1667499678739 81.0 909
1667499678783 18.0 910
1667499678941 62.0 911
1667499678991 19.0 912
1667499679067 31.0 913
1667499679270 86.0 914
1667499679451 84.0 915
1667499679512 26.0 916
1667499679596 38.0 917
1667499679715 55.0 918
1667499679838 58.0 919
1667499680005 80.0 920
1667499680094 41.0 921
1667499680183 40.0 922
1667499680313 56.0 923
1667499680388 32.0 924
1667499680535 67.0 925
1667499680620 36.0 926
1667499680726 47.0 927
1667499680899 81.0 928
1667499680951 22.0 929
1667499681063 53.0 930
1667499681129 29.0 931
1667499681211 38.0 932
1667499681348 66.0 933
1667499681433 40.0 934
1667499681488 24.0 935
1667499681542 25.0 936
1667499681670 61.0 937
1667499681802 63.0 938
1667499681867 29.0 939
1667499682003 63.0 940
1667499682206 95.0 941
1667499682334 60.0 942
1667499682395 27.0 943
1667499682491 45.0 944
1667499682590 46.0 945
1667499682618 11.0 946
1667499682655 15.0 947
1667499682734 37.0 948
1667499682783 21.0 949
1667499682861 36.0 950
1667499682944 38.0 951
1667499683042 47.0 952
1667499683129 40.0 953
1667499683250 57.0 954
1667499683363 52.0 955
1667499683512 70.0 956
1667499683553 17.0 957
1667499683650 46.0 958
1667499683680 12.0 959
1667499683753 34.0 960
1667499683801 21.0 961
1667499683844 18.0 962
1667499684096 119.0 963
1667499684193 40.0 964
1667499684364 74.0 965
1667499684426 17.0 966
1667499684497 28.0 967
1667499684605 46.0 968
1667499684698 41.0 969
1667499684770 30.0 970
1667499684877 47.0 971
1667499684933 23.0 972
1667499685004 32.0 973
1667499685098 43.0 974
1667499685136 16.0 975
1667499685210 33.0 976
1667499685313 47.0 977
1667499685413 44.0 978
1667499685479 28.0 979
1667499685618 64.0 980
1667499685680 25.0 981
1667499685867 87.0 982
1667499686049 83.0 983
1667499686159 49.0 984
1667499686206 19.0 985
1667499686293 40.0 986
1667499686413 56.0 987
1667499686457 19.0 988
1667499686510 22.0 989
1667499686540 12.0 990
1667499686626 39.0 991
1667499686676 21.0 992
1667499686743 30.0 993
1667499686821 35.0 994
1667499687018 92.0 995
1667499687080 26.0 996
1667499687201 56.0 997
1667499687297 43.0 998
1667499687381 39.0 999
1667499687469 39.0 1000
1667499687579 50.0 1001
1667499687737 75.0 1002
1667499687831 43.0 1003
1667499687922 42.0 1004
1667499688045 58.0 1005
1667499688128 37.0 1006
1667499688182 24.0 1007
1667499688376 92.0 1008
1667499688492 55.0 1009
1667499688549 25.0 1010
1667499688670 56.0 1011
1667499688833 77.0 1012
1667499688926 42.0 1013
1667499688986 26.0 1014
1667499689131 69.0 1015
1667499689259 60.0 1016
1667499689378 55.0 1017
1667499689453 33.0 1018
1667499689478 10.0 1019
1667499689576 45.0 1020
1667499689646 31.0 1021
1667499689788 67.0 1022
1667499689851 27.0 1023
1667499689946 44.0 1024
1667499689976 10.0 1025
1667499690200 106.0 1026
1667499690261 26.0 1027
1667499690377 53.0 1028
1667499690411 13.0 1029
1667499690474 28.0 1030
1667499690597 59.0 1031
1667499690760 77.0 1032
1667499690937 84.0 1033
1667499691013 33.0 1034
1667499691060 21.0 1035
1667499691119 25.0 1036
1667499691210 43.0 1037
1667499691269 26.0 1038
1667499691391 57.0 1039
1667499691420 11.0 1040
1667499691463 19.0 1041
1667499691538 35.0 1042
1667499691648 51.0 1043
1667499691833 88.0 1044
1667499691898 29.0 1045
1667499692097 89.0 1046
1667499692146 21.0 1047
1667499692214 31.0 1048
1667499692250 15.0 1049
1667499692325 35.0 1050
1667499692416 42.0 1051
1667499692453 15.0 1052
1667499692550 46.0 1053
1667499692658 51.0 1054
1667499692765 50.0 1055
1667499692838 33.0 1056
1667499692920 38.0 1057
1667499693006 40.0 1058
1667499693156 71.0 1059
1667499693308 72.0 1060
1667499693482 83.0 1061
1667499693750 129.0 1062
1667499693869 54.0 1063
1667499694033 78.0 1064
1667499694253 105.0 1065
1667499694301 20.0 1066
1667499694407 51.0 1067
1667499694671 128.0 1068
1667499694733 26.0 1069
1667499694843 52.0 1070
1667499694920 35.0 1071
1667499695015 44.0 1072
1667499695062 20.0 1073
1667499695114 23.0 1074
1667499695199 40.0 1075
1667499695335 65.0 1076
1667499695455 57.0 1077
1667499695531 35.0 1078
1667499695658 60.0 1079
1667499695711 23.0 1080
1667499695774 28.0 1081
1667499695815 16.0 1082
1667499695868 24.0 1083
1667499695962 44.0 1084
1667499696021 26.0 1085
1667499696097 35.0 1086
1667499696265 78.0 1087
1667499696470 95.0 1088
1667499696564 43.0 1089
1667499696622 25.0 1090
1667499696691 30.0 1091
1667499696738 20.0 1092
1667499696845 48.0 1093
1667499696947 47.0 1094
1667499697064 54.0 1095
1667499697142 35.0 1096
1667499697189 20.0 1097
1667499697257 31.0 1098
1667499697389 61.0 1099
1667499697465 34.0 1100
1667499697587 55.0 1101
1667499697694 49.0 1102
1667499697779 37.0 1103
1667499697955 80.0 1104
1667499698061 49.0 1105
1667499698165 49.0 1106
1667499698204 16.0 1107
1667499698243 17.0 1108
1667499698432 91.0 1109
1667499698545 51.0 1110
1667499698639 41.0 1111
1667499698724 38.0 1112
1667499698810 39.0 1113
1667499698930 56.0 1114
1667499699016 38.0 1115
1667499699085 30.0 1116
1667499699172 39.0 1117
1667499699240 30.0 1118
1667499699286 20.0 1119
1667499699472 89.0 1120
1667499699555 37.0 1121
1667499699736 84.0 1122
1667499699830 42.0 1123
1667499699902 31.0 1124
1667499700064 75.0 1125
1667499700258 83.0 1126
1667499700342 37.0 1127
1667499700564 107.0 1128
1667499700620 23.0 1129
1667499700685 30.0 1130
1667499700832 70.0 1131
1667499701007 84.0 1132
1667499701136 60.0 1133
1667499701290 72.0 1134
1667499701395 47.0 1135
1667499701503 49.0 1136
1667499701542 16.0 1137
1667499701865 156.0 1138
1667499701991 58.0 1139
1667499702102 52.0 1140
1667499702218 54.0 1141
1667499702326 50.0 1142
1667499702382 24.0 1143
1667499702506 58.0 1144
1667499702597 42.0 1145
1667499702670 33.0 1146
1667499702733 29.0 1147
1667499702767 14.0 1148
1667499702912 69.0 1149
1667499703012 47.0 1150
1667499703094 37.0 1151
1667499703158 28.0 1152
1667499703212 24.0 1153
1667499703278 30.0 1154
1667499703396 55.0 1155
1667499703478 37.0 1156
1667499703540 28.0 1157
1667499703646 50.0 1158
1667499703737 42.0 1159
1667499703811 34.0 1160
1667499703940 61.0 1161
1667499704025 39.0 1162
1667499704121 45.0 1163
1667499704195 34.0 1164
1667499704282 40.0 1165
1667499704427 69.0 1166
1667499704463 15.0 1167
1667499704573 51.0 1168
1667499704652 36.0 1169
1667499704725 33.0 1170
1667499704877 74.0 1171
1667499704919 17.0 1172
1667499705018 46.0 1173
1667499705076 26.0 1174
1667499705159 37.0 1175
1667499705254 43.0 1176
1667499705386 63.0 1177
1667499705445 25.0 1178
1667499705518 32.0 1179
1667499705555 15.0 1180
1667499705739 86.0 1181
1667499705786 20.0 1182
1667499705833 20.0 1183
1667499705896 28.0 1184
1667499705979 37.0 1185
1667499706081 47.0 1186
1667499706206 56.0 1187
1667499706276 31.0 1188
1667499706337 26.0 1189
1667499706461 56.0 1190
1667499706532 31.0 1191
1667499706732 95.0 1192
1667499706802 30.0 1193
1667499706870 31.0 1194
1667499706970 46.0 1195
1667499707081 51.0 1196
1667499707226 66.0 1197
1667499707304 35.0 1198
1667499707473 78.0 1199
1667499707609 64.0 1200
1667499707672 27.0 1201
1667499707804 62.0 1202
1667499707891 38.0 1203
1667499708048 70.0 1204
1667499708205 70.0 1205
1667499708279 32.0 1206
1667499708347 30.0 1207
1667499708420 31.0 1208
1667499708520 46.0 1209
1667499708562 17.0 1210
1667499708630 30.0 1211
1667499708686 23.0 1212
1667499708762 34.0 1213
1667499708927 75.0 1214
1667499709044 54.0 1215
1667499709176 61.0 1216
1667499709331 72.0 1217
1667499709503 79.0 1218
1667499709618 53.0 1219
1667499709685 28.0 1220
1667499709747 26.0 1221
1667499710107 169.0 1222
1667499710241 62.0 1223
1667499710424 87.0 1224
1667499710558 60.0 1225
1667499710595 14.0 1226
1667499710806 86.0 1227
1667499710902 43.0 1228
1667499710983 37.0 1229
1667499711102 55.0 1230
1667499711224 58.0 1231
1667499711320 44.0 1232
1667499711382 29.0 1233
1667499711468 41.0 1234
1667499711549 38.0 1235
1667499711583 14.0 1236
1667499711676 46.0 1237
1667499711909 115.0 1238
1667499711945 16.0 1239
1667499712016 33.0 1240
1667499712130 55.0 1241
1667499712261 61.0 1242
1667499712309 19.0 1243
1667499712450 68.0 1244
1667499712596 70.0 1245
1667499712634 14.0 1246
1667499712685 23.0 1247
1667499712741 26.0 1248
1667499712832 42.0 1249
1667499712951 59.0 1250
1667499713079 61.0 1251
1667499713326 124.0 1252
1667499713387 27.0 1253
1667499713588 95.0 1254
1667499713718 60.0 1255
1667499713808 40.0 1256
1667499713900 42.0 1257
1667499713945 19.0 1258
1667499713994 21.0 1259
1667499714079 38.0 1260
1667499714184 48.0 1261
1667499714228 18.0 1262
1667499714449 103.0 1263
1667499714529 35.0 1264
1667499714666 64.0 1265
1667499714816 69.0 1266
1667499714981 78.0 1267
1667499715039 24.0 1268
1667499715166 60.0 1269
1667499715348 85.0 1270
1667499715498 69.0 1271
1667499715637 64.0 1272
1667499715693 24.0 1273
1667499715768 35.0 1274
1667499715862 42.0 1275
1667499716004 70.0 1276
1667499716043 15.0 1277
1667499716103 28.0 1278
1667499716221 57.0 1279
1667499716259 16.0 1280
1667499716378 56.0 1281
1667499716438 27.0 1282
1667499716560 58.0 1283
1667499716635 35.0 1284
1667499716749 54.0 1285
1667499716899 71.0 1286
1667499716951 23.0 1287
1667499717041 41.0 1288
1667499717135 44.0 1289
1667499717261 60.0 1290
1667499717367 49.0 1291
1667499717505 65.0 1292
1667499717574 30.0 1293
1667499717739 82.0 1294
1667499717845 49.0 1295
1667499717886 17.0 1296
1667499717955 32.0 1297
1667499718055 46.0 1298
1667499718168 54.0 1299
1667499718210 17.0 1300
1667499718396 90.0 1301
1667499718477 37.0 1302
1667499718639 77.0 1303
1667499718760 50.0 1304
1667499718928 78.0 1305
1667499719038 50.0 1306
1667499719176 65.0 1307
1667499719234 25.0 1308
1667499719274 17.0 1309
1667499719360 37.0 1310
1667499719397 16.0 1311
1667499719478 36.0 1312
1667499719595 54.0 1313
1667499719732 64.0 1314
1667499719876 66.0 1315
1667499719963 39.0 1316
1667499720050 39.0 1317
1667499720129 36.0 1318
1667499720228 46.0 1319
1667499720359 59.0 1320
1667499720415 25.0 1321
1667499720470 23.0 1322
1667499720542 30.0 1323
1667499720655 52.0 1324
1667499720782 46.0 1325
1667499720820 15.0 1326
1667499720930 50.0 1327
1667499721047 53.0 1328
1667499721147 46.0 1329
1667499721228 37.0 1330
1667499721384 74.0 1331
1667499721475 41.0 1332
1667499721530 25.0 1333
1667499721588 25.0 1334
1667499721637 23.0 1335
1667499721824 89.0 1336
1667499721897 33.0 1337
1667499721994 44.0 1338
1667499722100 50.0 1339
1667499722202 47.0 1340
1667499722266 29.0 1341
1667499722383 54.0 1342
1667499722492 48.0 1343
1667499722556 27.0 1344
1667499722693 62.0 1345
1667499722757 29.0 1346
1667499722836 37.0 1347
1667499722980 68.0 1348
1667499723110 59.0 1349
1667499723322 97.0 1350
1667499723392 21.0 1351
1667499723451 26.0 1352
1667499723580 62.0 1353
1667499723678 47.0 1354
1667499723734 25.0 1355
1667499723885 68.0 1356
1667499723982 45.0 1357
1667499724051 31.0 1358
1667499724169 55.0 1359
1667499724219 22.0 1360
1667499724398 85.0 1361
1667499724576 86.0 1362
1667499724631 24.0 1363
1667499724721 43.0 1364
1667499724813 44.0 1365
1667499724927 52.0 1366
1667499724995 29.0 1367
1667499725063 31.0 1368
1667499725145 36.0 1369
1667499725206 27.0 1370
1667499725333 57.0 1371
1667499725511 86.0 1372
1667499725583 31.0 1373
1667499725646 29.0 1374
1667499725836 90.0 1375
1667499725926 42.0 1376
1667499726131 98.0 1377
1667499726178 20.0 1378
1667499726225 20.0 1379
1667499726293 31.0 1380
1667499726388 41.0 1381
1667499726499 53.0 1382
1667499726570 32.0 1383
1667499726610 17.0 1384
1667499726865 122.0 1385
1667499727002 67.0 1386
1667499727094 41.0 1387
1667499727179 41.0 1388
1667499727298 58.0 1389
1667499727459 78.0 1390
1667499727643 89.0 1391
1667499727758 54.0 1392
1667499727893 64.0 1393
1667499727948 24.0 1394
1667499728000 24.0 1395
1667499728105 49.0 1396
1667499728268 73.0 1397
1667499728407 66.0 1398
1667499728520 55.0 1399
1667499728668 59.0 1400
1667499728853 82.0 1401
1667499728944 43.0 1402
1667499729010 31.0 1403
1667499729140 60.0 1404
1667499729377 117.0 1405
1667499729492 55.0 1406
1667499729607 54.0 1407
1667499729788 89.0 1408
1667499730042 111.0 1409
1667499730201 77.0 1410
1667499730238 16.0 1411
1667499730373 64.0 1412
1667499730490 56.0 1413
1667499730544 24.0 1414
1667499730772 83.0 1415
1667499730834 25.0 1416
1667499731082 62.0 1417
1667499731187 48.0 1418
1667499731235 20.0 1419
1667499731333 24.0 1420
1667499731441 38.0 1421
1667499731524 38.0 1422
1667499731574 23.0 1423
1667499731618 13.0 1424
1667499731778 37.0 1425
1667499731967 81.0 1426
1667499732006 17.0 1427
1667499732183 86.0 1428
1667499732242 27.0 1429
1667499732391 71.0 1430
1667499732516 60.0 1431
1667499732599 38.0 1432
1667499732728 64.0 1433
1667499732827 47.0 1434
1667499732953 62.0 1435
1667499733123 82.0 1436
1667499733245 57.0 1437
1667499733355 50.0 1438
1667499733530 86.0 1439
1667499733676 61.0 1440
1667499733827 44.0 1441
1667499733947 56.0 1442
1667499734061 53.0 1443
1667499734100 16.0 1444
1667499734240 67.0 1445
1667499734280 16.0 1446
1667499734400 57.0 1447
1667499734489 40.0 1448
1667499734542 24.0 1449
1667499734637 44.0 1450
1667499734686 22.0 1451
1667499734732 20.0 1452
1667499734774 18.0 1453
1667499734867 43.0 1454
1667499734984 55.0 1455
1667499735024 18.0 1456
1667499735080 25.0 1457
1667499735203 60.0 1458
1667499735307 50.0 1459
1667499735386 37.0 1460
1667499735478 44.0 1461
1667499735649 67.0 1462
1667499735813 70.0 1463
1667499735896 39.0 1464
1667499735975 37.0 1465
1667499736097 60.0 1466
1667499736167 32.0 1467
1667499736284 57.0 1468
1667499736423 65.0 1469
1667499736531 49.0 1470
1667499736682 72.0 1471
1667499736824 68.0 1472
1667499736935 52.0 1473
1667499737037 48.0 1474
1667499737125 41.0 1475
1667499737234 52.0 1476
1667499737317 38.0 1477
1667499737477 80.0 1478
1667499737554 35.0 1479
1667499737647 43.0 1480
1667499737752 48.0 1481
1667499737819 30.0 1482
1667499737952 64.0 1483
1667499738011 27.0 1484
1667499738109 48.0 1485
1667499738250 66.0 1486
1667499738323 33.0 1487
1667499738371 21.0 1488
1667499738411 17.0 1489
1667499738513 49.0 1490
1667499738660 70.0 1491
1667499738830 82.0 1492
1667499739035 95.0 1493
1667499739160 57.0 1494
1667499739326 77.0 1495
1667499739391 30.0 1496
1667499739541 68.0 1497
1667499739642 40.0 1498
1667499739965 160.0 1499
1667499740157 93.0 1500
1667499740234 34.0 1501
1667499740389 75.0 1502
1667499740456 31.0 1503
1667499740627 81.0 1504
1667499740683 25.0 1505
1667499740851 83.0 1506
1667499740930 35.0 1507
1667499741102 87.0 1508
1667499741208 49.0 1509
1667499741498 100.0 1510
1667499741567 31.0 1511
1667499741756 87.0 1512
1667499741850 44.0 1513
1667499741900 23.0 1514
1667499742083 91.0 1515
1667499742138 24.0 1516
1667499742243 52.0 1517
1667499742315 33.0 1518
1667499742441 58.0 1519
1667499742506 30.0 1520
1667499742560 25.0 1521
1667499742670 52.0 1522
1667499742784 53.0 1523
1667499742910 61.0 1524
1667499743028 58.0 1525
1667499743162 66.0 1526
1667499743230 32.0 1527
1667499743309 37.0 1528
1667499743474 81.0 1529
1667499743538 29.0 1530
1667499743645 53.0 1531
1667499743674 12.0 1532
1667499743879 104.0 1533
1667499743970 43.0 1534
1667499744019 23.0 1535
1667499744124 51.0 1536
1667499744187 29.0 1537
1667499744304 57.0 1538
1667499744354 24.0 1539
1667499744498 72.0 1540
1667499744613 58.0 1541
1667499744665 23.0 1542
1667499744714 23.0 1543
1667499744857 70.0 1544
1667499744982 61.0 1545
1667499745147 81.0 1546
1667499745211 30.0 1547
1667499745371 81.0 1548
1667499745422 24.0 1549
1667499745494 34.0 1550
1667499745559 31.0 1551
1667499745638 38.0 1552
1667499745716 39.0 1553
1667499745918 102.0 1554
1667499746045 63.0 1555
1667499746170 61.0 1556
1667499746235 30.0 1557
1667499746328 45.0 1558
1667499746371 19.0 1559
1667499746451 38.0 1560
1667499746576 61.0 1561
1667499746774 100.0 1562
1667499746977 103.0 1563
1667499747091 55.0 1564
1667499747256 81.0 1565
1667499747385 63.0 1566
1667499747522 67.0 1567
1667499747556 14.0 1568
1667499747810 130.0 1569
1667499747971 80.0 1570
1667499748083 53.0 1571
1667499748224 68.0 1572
1667499748415 96.0 1573
1667499748477 29.0 1574
1667499748573 47.0 1575
1667499748638 30.0 1576
1667499748742 50.0 1577
1667499748833 43.0 1578
1667499748974 67.0 1579
1667499749115 65.0 1580
1667499749167 22.0 1581
1667499749359 93.0 1582
1667499749517 49.0 1583
1667499749714 82.0 1584
1667499749770 23.0 1585
1667499749887 54.0 1586
1667499749962 34.0 1587
1667499750133 81.0 1588
1667499750220 39.0 1589
1667499750450 111.0 1590
1667499750491 16.0 1591
1667499750611 56.0 1592
1667499750724 52.0 1593
1667499750807 38.0 1594
1667499750989 84.0 1595
1667499751147 72.0 1596
1667499751235 39.0 1597
1667499751438 97.0 1598
1667499751652 102.0 1599
1667499751793 66.0 1600
1667499751863 31.0 1601
1667499752005 67.0 1602
1667499752105 46.0 1603
1667499752203 45.0 1604
1667499752348 69.0 1605
1667499752424 34.0 1606
1667499752545 58.0 1607
1667499752664 55.0 1608
1667499752825 75.0 1609
1667499752881 24.0 1610
1667499753001 57.0 1611
1667499753108 50.0 1612
1667499753178 31.0 1613
1667499753305 59.0 1614
1667499753466 75.0 1615
1667499753525 25.0 1616
1667499753644 58.0 1617
1667499753718 33.0 1618
1667499753872 75.0 1619
1667499754072 96.0 1620
1667499754189 54.0 1621
1667499754236 20.0 1622
1667499754318 37.0 1623
1667499754405 40.0 1624
1667499754487 38.0 1625
1667499754567 36.0 1626
1667499754685 55.0 1627
1667499754730 19.0 1628
1667499754968 115.0 1629
1667499755129 76.0 1630
1667499755308 86.0 1631
1667499755489 87.0 1632
1667499755585 43.0 1633
1667499755671 39.0 1634
1667499755735 28.0 1635
1667499755792 25.0 1636
1667499755849 25.0 1637
1667499755894 20.0 1638
1667499756195 147.0 1639
1667499756282 40.0 1640
1667499756417 65.0 1641
1667499756573 75.0 1642
1667499756730 74.0 1643
1667499756779 19.0 1644
1667499756881 45.0 1645
1667499757124 114.0 1646
1667499757220 44.0 1647
1667499757342 54.0 1648
1667499757408 26.0 1649
1667499757508 45.0 1650
1667499757570 25.0 1651
1667499757861 135.0 1652
1667499757986 45.0 1653
1667499758056 29.0 1654
1667499758132 33.0 1655
1667499758170 15.0 1656
1667499758413 111.0 1657
1667499758537 55.0 1658
1667499758628 39.0 1659
1667499758757 60.0 1660
1667499758900 65.0 1661
1667499759091 87.0 1662
1667499759284 81.0 1663
1667499759384 42.0 1664
1667499759435 21.0 1665
1667499759515 35.0 1666
1667499759752 108.0 1667
1667499759817 27.0 1668
1667499759914 40.0 1669
1667499760034 54.0 1670
1667499760097 26.0 1671
1667499760169 31.0 1672
1667499760296 57.0 1673
1667499760412 53.0 1674
1667499760466 22.0 1675
1667499760744 129.0 1676
1667499760824 34.0 1677
1667499760864 16.0 1678
1667499760972 49.0 1679
1667499761085 50.0 1680
1667499761159 31.0 1681
1667499761308 68.0 1682
1667499761384 32.0 1683
1667499761444 26.0 1684
1667499761593 69.0 1685
1667499761630 15.0 1686
1667499761755 55.0 1687
1667499761821 27.0 1688
1667499761891 28.0 1689
1667499761949 23.0 1690
1667499762056 42.0 1691
1667499762175 54.0 1692
1667499762272 43.0 1693
1667499762374 47.0 1694
1667499762437 27.0 1695
1667499762517 35.0 1696
1667499762565 20.0 1697
1667499762800 112.0 1698
1667499762860 26.0 1699
1667499763011 71.0 1700
1667499763111 45.0 1701
1667499763160 18.0 1702
1667499763226 25.0 1703
1667499763360 61.0 1704
1667499763549 87.0 1705
1667499763670 53.0 1706
1667499763812 63.0 1707
1667499764002 82.0 1708
1667499764095 43.0 1709
1667499764179 38.0 1710
1667499764339 70.0 1711
1667499764401 27.0 1712
1667499764544 57.0 1713
1667499764600 18.0 1714
1667499764734 63.0 1715
1667499764886 59.0 1716
1667499764935 21.0 1717
1667499765137 97.0 1718
1667499765258 55.0 1719
1667499765341 38.0 1720
1667499765519 86.0 1721
1667499765634 53.0 1722
1667499765748 52.0 1723
1667499765807 25.0 1724
1667499765874 29.0 1725
1667499766066 89.0 1726
1667499766270 97.0 1727
1667499766415 67.0 1728
1667499766621 97.0 1729
1667499766746 57.0 1730
1667499766808 26.0 1731
1667499766902 42.0 1732
1667499766998 43.0 1733
1667499767101 46.0 1734
1667499767344 113.0 1735
1667499767434 39.0 1736
1667499767539 48.0 1737
1667499767607 29.0 1738
1667499767747 65.0 1739
1667499767815 29.0 1740
1667499767928 52.0 1741
1667499767970 16.0 1742
1667499768201 109.0 1743
1667499768256 23.0 1744
1667499768369 52.0 1745
1667499768550 84.0 1746
1667499768594 18.0 1747
1667499768646 22.0 1748
1667499768709 28.0 1749
1667499768861 69.0 1750
1667499768959 43.0 1751
1667499769113 68.0 1752
1667499769219 42.0 1753
1667499769283 26.0 1754
1667499769357 33.0 1755
1667499769460 45.0 1756
1667499769643 83.0 1757
1667499769726 36.0 1758
1667499770046 134.0 1759
1667499770222 85.0 1760
1667499770357 62.0 1761
1667499770548 90.0 1762
1667499770608 27.0 1763
1667499770673 30.0 1764
1667499770862 86.0 1765
1667499770917 23.0 1766
1667499770997 35.0 1767
1667499771103 49.0 1768
1667499771158 25.0 1769
1667499771292 44.0 1770
1667499771432 44.0 1771
1667499771499 27.0 1772
1667499771634 55.0 1773
1667499771726 41.0 1774
1667499771844 55.0 1775
1667499771890 19.0 1776
1667499771990 46.0 1777
1667499772086 46.0 1778
1667499772215 63.0 1779
1667499772288 33.0 1780
1667499772387 48.0 1781
1667499772513 59.0 1782
1667499772611 48.0 1783
1667499772716 51.0 1784
1667499772776 26.0 1785
1667499772878 47.0 1786
1667499773002 59.0 1787
1667499773300 146.0 1788
1667499773438 66.0 1789
1667499773783 171.0 1790
1667499773974 92.0 1791
1667499774066 42.0 1792
1667499774255 91.0 1793
1667499774434 85.0 1794
1667499774746 135.0 1795
1667499774905 74.0 1796
1667499774988 37.0 1797
1667499775049 25.0 1798
1667499775276 99.0 1799
1667499775383 48.0 1800
1667499775558 83.0 1801
1667499775704 69.0 1802
1667499775817 52.0 1803
1667499775930 53.0 1804
1667499776070 60.0 1805
1667499776219 71.0 1806
1667499776430 101.0 1807
1667499776504 33.0 1808
1667499776733 112.0 1809
1667499776828 41.0 1810
1667499776881 24.0 1811
1667499777113 113.0 1812
1667499777264 71.0 1813
1667499777433 81.0 1814
1667499777628 93.0 1815
1667499777912 138.0 1816
1667499778038 57.0 1817
1667499778176 63.0 1818
1667499778276 46.0 1819
1667499778510 114.0 1820
1667499778557 19.0 1821
1667499778613 24.0 1822
1667499778678 28.0 1823
1667499778873 94.0 1824
1667499778935 28.0 1825
1667499779012 35.0 1826
1667499779198 92.0 1827
1667499779292 44.0 1828
1667499779408 56.0 1829
1667499779657 121.0 1830
1667499779752 43.0 1831
1667499779886 66.0 1832
1667499780189 151.0 1833
1667499780281 43.0 1834
1667499780392 54.0 1835
1667499780530 67.0 1836
1667499780734 97.0 1837
1667499780972 118.0 1838
1667499781051 36.0 1839
1667499781204 76.0 1840
1667499781286 39.0 1841
1667499781381 46.0 1842
1667499781471 43.0 1843
1667499781656 91.0 1844
1667499781712 25.0 1845
1667499781831 59.0 1846
1667499781898 31.0 1847
1667499782157 126.0 1848
1667499782243 38.0 1849
1667499782345 50.0 1850
1667499782430 38.0 1851
1667499782489 27.0 1852
1667499782600 52.0 1853
1667499782905 151.0 1854
1667499783077 77.0 1855
1667499783317 112.0 1856
1667499783519 95.0 1857
1667499783572 22.0 1858
1667499783677 48.0 1859
1667499783758 36.0 1860
1667499783937 84.0 1861
1667499784011 32.0 1862
1667499784077 29.0 1863
1667499784239 74.0 1864
1667499784307 29.0 1865
1667499784343 15.0 1866
1667499784452 49.0 1867
1667499784596 67.0 1868
1667499784693 43.0 1869
1667499784872 82.0 1870
1667499784967 28.0 1871
1667499785200 103.0 1872
1667499785245 17.0 1873
1667499785341 43.0 1874
1667499785619 133.0 1875
1667499785693 32.0 1876
1667499785848 71.0 1877
1667499785941 42.0 1878
1667499786048 49.0 1879
1667499786263 99.0 1880
1667499786498 106.0 1881
1667499786771 133.0 1882
1667499786929 76.0 1883
1667499787038 52.0 1884
1667499787139 48.0 1885
1667499787244 49.0 1886
1667499787315 32.0 1887
1667499787446 63.0 1888
1667499787554 49.0 1889
1667499787629 32.0 1890
1667499787711 38.0 1891
1667499787813 47.0 1892
1667499787985 83.0 1893
1667499788107 58.0 1894
1667499788201 43.0 1895
1667499788454 125.0 1896
1667499788571 53.0 1897
1667499788678 48.0 1898
1667499788839 77.0 1899
1667499788956 55.0 1900
1667499789139 88.0 1901
1667499789247 50.0 1902
1667499789335 40.0 1903
1667499789484 72.0 1904
1667499789679 84.0 1905
1667499789752 34.0 1906
1667499789904 75.0 1907
1667499790053 72.0 1908
1667499790185 62.0 1909
1667499790336 71.0 1910
1667499790482 69.0 1911
1667499790575 42.0 1912
1667499790725 71.0 1913
1667499790956 115.0 1914
1667499791077 53.0 1915
1667499791272 91.0 1916
1667499791480 100.0 1917
1667499791616 67.0 1918
1667499791795 88.0 1919
1667499792002 100.0 1920
1667499792182 86.0 1921
1667499792319 63.0 1922
1667499792459 65.0 1923
1667499792562 46.0 1924
1667499792675 52.0 1925
1667499792801 57.0 1926
1667499792900 42.0 1927
1667499793015 55.0 1928
1667499793135 48.0 1929
1667499793201 29.0 1930
1667499793317 54.0 1931
1667499793383 29.0 1932
1667499793414 13.0 1933
1667499793503 42.0 1934
1667499793676 79.0 1935
1667499793794 54.0 1936
1667499793884 40.0 1937
1667499793973 41.0 1938
1667499794077 47.0 1939
1667499794120 19.0 1940
