1667432130608 11.0 0
1667432130861 32.0 1
1667432131055 20.0 2
1667432131130 19.0 3
1667432131193 13.0 4
1667432131253 12.0 5
1667432131344 22.0 6
1667432131434 24.0 7
1667432131562 45.0 8
1667432131717 53.0 9
1667432131758 11.0 10
1667432131796 12.0 11
1667432131870 31.0 12
1667432131901 11.0 13
1667432131938 15.0 14
1667432131962 9.0 15
1667432132027 28.0 16
1667432132087 25.0 17
1667432132148 22.0 18
1667432132198 20.0 19
1667432132253 23.0 20
1667432132349 37.0 21
1667432132391 16.0 22
1667432132445 22.0 23
1667432132482 15.0 24
1667432132511 9.0 25
1667432132555 15.0 26
1667432132596 16.0 27
1667432132628 12.0 28
1667432132656 10.0 29
1667432132733 33.0 30
1667432132780 19.0 31
1667432132833 22.0 32
1667432132864 12.0 33
1667432132894 12.0 34
1667432132967 31.0 35
1667432133014 19.0 36
1667432133086 30.0 37
1667432133169 35.0 38
1667432133203 13.0 39
1667432133232 11.0 40
1667432133291 24.0 41
1667432133330 15.0 42
1667432133372 16.0 43
1667432133414 14.0 44
1667432133456 16.0 45
1667432133508 22.0 46
1667432133554 19.0 47
1667432133589 14.0 48
1667432133628 16.0 49
1667432133683 23.0 50
1667432133737 23.0 51
1667432133798 26.0 52
1667432133869 30.0 53
1667432133896 10.0 54
1667432133923 10.0 55
1667432133958 13.0 56
1667432133993 13.0 57
1667432134032 15.0 58
1667432134068 14.0 59
1667432134095 10.0 60
1667432134130 14.0 61
1667432134178 20.0 62
1667432134222 17.0 63
1667432134265 17.0 64
1667432134293 11.0 65
1667432134371 32.0 66
1667432134411 14.0 67
1667432134445 14.0 68
1667432134500 22.0 69
1667432134539 14.0 70
1667432134571 12.0 71
1667432134614 16.0 72
1667432134653 16.0 73
1667432134686 13.0 74
1667432134731 18.0 75
1667432134839 47.0 76
1667432134902 21.0 77
1667432134934 12.0 78
1667432134971 14.0 79
1667432135020 19.0 80
1667432135054 12.0 81
1667432135153 42.0 82
1667432135191 15.0 83
1667432135251 24.0 84
1667432135277 9.0 85
1667432135332 23.0 86
1667432135361 10.0 87
1667432135396 13.0 88
1667432135425 11.0 89
1667432135470 18.0 90
1667432135503 12.0 91
1667432135554 20.0 92
1667432135596 16.0 93
1667432135654 15.0 94
1667432135717 26.0 95
1667432135745 10.0 96
1667432135782 14.0 97
1667432135875 41.0 98
1667432135917 17.0 99
1667432135956 15.0 100
1667432136034 33.0 101
1667432136064 11.0 102
1667432136202 60.0 103
1667432136234 12.0 104
1667432136294 26.0 105
1667432136381 36.0 106
1667432136446 27.0 107
1667432136476 11.0 108
1667432136533 24.0 109
1667432136583 20.0 110
1667432136620 14.0 111
1667432136678 24.0 112
1667432136739 24.0 113
1667432136774 13.0 114
1667432136813 13.0 115
1667432136866 19.0 116
1667432136905 14.0 117
1667432136972 28.0 118
1667432137052 35.0 119
1667432137098 18.0 120
1667432137183 37.0 121
1667432137243 24.0 122
1667432137347 44.0 123
1667432137447 41.0 124
1667432137500 21.0 125
1667432137547 18.0 126
1667432137583 13.0 127
1667432137618 12.0 128
1667432137734 48.0 129
1667432137823 38.0 130
1667432137886 25.0 131
1667432137931 18.0 132
1667432137994 26.0 133
1667432138110 50.0 134
1667432138157 18.0 135
1667432138192 13.0 136
1667432138262 29.0 137
1667432138356 39.0 138
1667432138446 38.0 139
1667432138483 14.0 140
1667432138533 20.0 141
1667432138558 9.0 142
1667432138653 41.0 143
1667432138725 31.0 144
1667432138837 50.0 145
1667432138879 17.0 146
1667432138938 24.0 147
1667432138991 22.0 148
1667432139032 16.0 149
1667432139085 22.0 150
1667432139129 18.0 151
1667432139222 40.0 152
1667432139306 37.0 153
1667432139513 94.0 154
1667432139577 27.0 155
1667432139778 86.0 156
1667432140060 131.0 157
1667432140204 63.0 158
1667432140294 39.0 159
1667432140380 37.0 160
1667432140511 60.0 161
1667432140590 33.0 162
1667432140669 33.0 163
1667432140941 99.0 164
1667432141054 40.0 165
1667432141157 36.0 166
1667432141266 41.0 167
1667432141319 20.0 168
1667432141673 155.0 169
1667432141788 47.0 170
1667432141885 40.0 171
1667432141967 35.0 172
1667432142524 255.0 173
1667432142604 31.0 174
1667432142686 35.0 175
1667432142850 74.0 176
1667432142910 24.0 177
1667432143092 78.0 178
1667432143264 69.0 179
1667432143439 79.0 180
1667432143781 155.0 181
1667432144008 103.0 182
1667432144298 132.0 183
1667432144399 42.0 184
1667432144862 214.0 185
1667432144966 41.0 186
1667432145123 63.0 187
1667432145347 100.0 188
1667432145480 58.0 189
1667432145763 123.0 190
1667432146025 115.0 191
1667432146180 64.0 192
1667432146288 46.0 193
1667432146665 172.0 194
1667432146987 144.0 195
1667432147291 136.0 196
1667432147550 117.0 197
1667432147869 141.0 198
1667432147943 29.0 199
1667432148285 154.0 200
1667432148347 24.0 201
1667432148605 113.0 202
1667432148798 82.0 203
1667432149121 133.0 204
1667432149306 70.0 205
1667432149751 162.0 206
1667432150132 169.0 207
1667432150439 133.0 208
1667432151233 348.0 209
1667432151748 246.0 210
1667432152092 158.0 211
1667432152365 123.0 212
1667432152880 235.0 213
1667432153280 186.0 214
1667432153707 199.0 215
1667432154227 241.0 216
1667432154658 188.0 217
1667432155685 500.0 218
1667432156280 260.0 219
1667432156910 286.0 220
1667432157087 77.0 221
1667432157339 117.0 222
1667432157451 49.0 223
1667432158208 318.0 224
1667432158470 117.0 225
1667432159166 278.0 226
1667432159523 163.0 227
1667432160062 240.0 228
1667432160432 173.0 229
1667432160852 191.0 230
1667432161100 111.0 231
1667432161370 125.0 232
1667432161589 97.0 233
1667432161821 106.0 234
1667432162008 82.0 235
1667432162296 128.0 236
1667432162547 111.0 237
1667432162842 133.0 238
1667432163073 101.0 239
1667432163322 113.0 240
1667432163495 77.0 241
1667432163783 134.0 242
1667432163952 76.0 243
1667432164127 78.0 244
1667432164333 95.0 245
1667432164601 123.0 246
1667432164832 106.0 247
1667432165124 132.0 248
1667432165326 89.0 249
1667432165686 168.0 250
1667432165951 119.0 251
1667432166197 112.0 252
1667432166408 95.0 253
1667432166622 97.0 254
1667432166807 85.0 255
1667432167040 108.0 256
1667432167345 134.0 257
1667432167667 143.0 258
1667432168008 152.0 259
1667432168371 166.0 260
1667432168698 132.0 261
1667432169017 130.0 262
1667432169478 216.0 263
1667432169704 101.0 264
1667432170109 191.0 265
1667432170452 164.0 266
1667432170709 116.0 267
1667432171024 148.0 268
1667432171258 109.0 269
1667432171561 142.0 270
1667432171845 131.0 271
1667432172221 178.0 272
1667432172461 110.0 273
1667432172854 185.0 274
1667432173150 138.0 275
1667432173364 100.0 276
1667432173622 120.0 277
1667432173970 160.0 278
1667432174277 136.0 279
1667432174730 211.0 280
1667432175023 136.0 281
1667432175240 100.0 282
1667432175505 124.0 283
1667432175890 182.0 284
1667432176180 135.0 285
1667432176555 168.0 286
1667432177080 240.0 287
1667432177704 292.0 288
1667432178222 236.0 289
1667432178786 225.0 290
1667432179392 226.0 291
1667432179805 191.0 292
1667432180275 193.0 293
1667432180665 173.0 294
1667432181039 145.0 295
1667432181369 151.0 296
1667432181673 139.0 297
1667432182161 228.0 298
1667432182566 187.0 299
1667432183203 296.0 300
1667432183524 144.0 301
1667432183897 154.0 302
1667432184283 171.0 303
1667432184562 104.0 304
1667432184961 170.0 305
1667432185268 140.0 306
1667432185463 88.0 307
1667432185711 113.0 308
1667432185959 114.0 309
1667432186149 86.0 310
1667432186353 93.0 311
1667432186598 113.0 312
1667432187044 199.0 313
1667432187375 132.0 314
1667432187565 82.0 315
1667432187905 146.0 316
1667432188252 145.0 317
1667432188626 160.0 318
1667432189302 271.0 319
1667432189688 175.0 320
1667432190199 234.0 321
1667432190761 261.0 322
1667432191742 455.0 323
1667432192450 314.0 324
1667432193131 321.0 325
1667432194103 452.0 326
1667432194727 292.0 327
1667432195529 373.0 328
1667432196035 232.0 329
1667432197100 500.0 330
1667432197665 254.0 331
1667432198193 244.0 332
1667432198929 288.0 333
1667432199349 197.0 334
1667432199940 266.0 335
1667432200678 328.0 336
1667432201151 220.0 337
1667432201716 259.0 338
1667432202182 219.0 339
1667432202697 243.0 340
1667432203173 223.0 341
1667432203605 192.0 342
1667432204008 182.0 343
1667432204367 162.0 344
1667432204791 193.0 345
1667432205146 161.0 346
1667432205462 144.0 347
1667432205876 183.0 348
1667432206347 216.0 349
1667432206787 202.0 350
1667432207308 238.0 351
1667432207770 210.0 352
1667432208244 220.0 353
1667432208640 176.0 354
1667432209132 197.0 355
1667432209590 212.0 356
1667432209959 168.0 357
1667432210300 151.0 358
1667432210711 181.0 359
1667432211173 209.0 360
1667432211554 177.0 361
1667432211815 115.0 362
1667432212173 169.0 363
1667432212459 132.0 364
1667432212728 122.0 365
1667432213061 152.0 366
1667432213280 100.0 367
1667432213542 112.0 368
1667432213803 117.0 369
1667432214030 95.0 370
1667432214271 106.0 371
1667432214498 105.0 372
1667432214722 103.0 373
1667432214872 67.0 374
1667432215011 62.0 375
1667432215125 51.0 376
1667432215297 78.0 377
1667432215373 31.0 378
1667432215556 81.0 379
1667432215727 69.0 380
1667432215919 87.0 381
1667432216100 83.0 382
1667432216286 74.0 383
1667432216467 83.0 384
1667432216663 88.0 385
1667432216722 24.0 386
1667432216942 99.0 387
1667432217140 89.0 388
1667432217217 32.0 389
1667432217472 114.0 390
1667432217688 96.0 391
1667432217891 90.0 392
1667432218100 92.0 393
1667432218283 80.0 394
1667432218495 94.0 395
1667432218739 109.0 396
1667432218971 103.0 397
1667432219198 105.0 398
1667432219395 91.0 399
1667432219611 101.0 400
1667432219816 94.0 401
1667432220079 111.0 402
1667432220283 93.0 403
1667432220506 100.0 404
1667432220714 93.0 405
1667432220975 117.0 406
1667432221265 130.0 407
1667432221549 124.0 408
1667432221844 137.0 409
1667432222107 114.0 410
1667432222383 130.0 411
1667432222668 133.0 412
1667432222970 142.0 413
1667432223286 150.0 414
1667432223584 138.0 415
1667432223853 125.0 416
1667432224147 132.0 417
1667432224465 140.0 418
1667432224894 193.0 419
1667432225215 143.0 420
1667432225508 132.0 421
1667432225977 214.0 422
1667432226365 175.0 423
1667432226753 175.0 424
1667432227120 171.0 425
1667432227474 157.0 426
1667432227847 168.0 427
1667432228211 165.0 428
1667432228551 153.0 429
1667432229068 233.0 430
1667432229561 224.0 431
1667432230036 215.0 432
1667432230538 224.0 433
1667432230984 187.0 434
1667432231507 199.0 435
1667432231889 174.0 436
1667432232353 210.0 437
1667432232770 192.0 438
1667432233181 194.0 439
1667432233539 170.0 440
1667432233861 151.0 441
1667432234253 187.0 442
1667432234673 198.0 443
1667432235042 172.0 444
1667432235385 158.0 445
1667432235681 137.0 446
1667432236041 169.0 447
1667432236333 134.0 448
1667432236627 131.0 449
1667432236946 134.0 450
1667432237191 108.0 451
1667432237492 134.0 452
1667432237811 144.0 453
1667432238092 125.0 454
1667432238361 124.0 455
1667432238626 126.0 456
1667432238665 15.0 457
1667432238887 103.0 458
1667432239152 121.0 459
1667432239391 107.0 460
1667432239621 106.0 461
1667432239832 94.0 462
1667432240101 120.0 463
1667432240311 94.0 464
1667432240380 27.0 465
1667432240573 89.0 466
1667432240783 93.0 467
1667432241096 107.0 468
1667432241345 113.0 469
1667432241553 93.0 470
1667432241853 136.0 471
1667432242071 99.0 472
1667432242263 88.0 473
1667432242473 97.0 474
1667432242657 84.0 475
1667432242908 115.0 476
1667432243105 90.0 477
1667432243327 103.0 478
1667432243551 103.0 479
1667432243790 110.0 480
1667432244058 125.0 481
1667432244320 123.0 482
1667432244561 113.0 483
1667432244812 119.0 484
1667432245056 112.0 485
1667432245386 153.0 486
1667432245673 135.0 487
1667432246033 169.0 488
1667432246353 148.0 489
1667432246778 200.0 490
1667432247125 158.0 491
1667432247617 224.0 492
1667432248107 226.0 493
1667432248611 234.0 494
1667432249125 237.0 495
1667432249777 301.0 496
1667432250300 239.0 497
1667432251022 296.0 498
1667432251580 264.0 499
1667432252100 247.0 500
1667432252613 239.0 501
1667432253558 449.0 502
1667432254238 320.0 503
1667432255019 360.0 504
1667432255706 320.0 505
1667432256507 376.0 506
1667432257373 406.0 507
1667432258249 405.0 508
1667432258832 265.0 509
1667432259535 300.0 510
1667432260369 380.0 511
1667432260805 192.0 512
1667432261527 284.0 513
1667432262216 304.0 514
1667432263045 377.0 515
1667432263499 204.0 516
1667432264103 276.0 517
1667432264536 200.0 518
1667432265050 225.0 519
1667432265547 226.0 520
1667432266145 270.0 521
1667432266545 181.0 522
1667432267040 233.0 523
1667432267389 159.0 524
1667432267811 183.0 525
1667432268227 189.0 526
1667432268657 203.0 527
1667432269044 172.0 528
1667432269389 157.0 529
1667432269879 210.0 530
1667432270222 142.0 531
1667432270575 159.0 532
1667432270977 183.0 533
1667432271349 173.0 534
1667432271666 147.0 535
1667432272025 164.0 536
1667432272429 163.0 537
1667432272863 167.0 538
1667432273303 179.0 539
1667432273800 214.0 540
1667432274181 180.0 541
1667432274613 204.0 542
1667432274940 156.0 543
1667432275309 175.0 544
1667432275734 204.0 545
1667432276212 226.0 546
1667432276633 187.0 547
1667432277039 195.0 548
1667432277441 192.0 549
1667432277873 204.0 550
1667432278263 187.0 551
1667432278677 193.0 552
1667432279052 172.0 553
1667432279535 232.0 554
1667432279888 167.0 555
1667432280353 223.0 556
1667432280862 238.0 557
1667432281322 211.0 558
1667432281721 185.0 559
1667432282240 244.0 560
1667432282763 248.0 561
1667432283167 192.0 562
1667432283719 266.0 563
1667432284421 323.0 564
1667432284962 246.0 565
1667432285586 295.0 566
1667432286290 329.0 567
1667432287090 373.0 568
1667432287960 401.0 569
1667432288753 365.0 570
1667432289114 161.0 571
1667432289954 393.0 572
1667432291066 500.0 573
1667432292192 500.0 574
1667432293276 500.0 575
1667432294373 500.0 576
1667432295462 491.0 577
1667432296592 500.0 578
1667432297670 500.0 579
1667432298017 133.0 580
1667432299094 500.0 581
1667432300174 500.0 582
1667432301265 500.0 583
1667432301530 119.0 584
1667432302705 500.0 585
1667432303793 500.0 586
1667432304868 500.0 587
1667432305738 395.0 588
1667432306696 449.0 589
1667432307597 423.0 590
1667432308473 404.0 591
1667432309431 438.0 592
1667432310514 500.0 593
1667432310742 96.0 594
1667432311208 216.0 595
1667432312065 394.0 596
1667432312475 185.0 597
1667432313330 399.0 598
1667432313929 270.0 599
1667432314109 78.0 600
1667432315026 427.0 601
1667432316139 500.0 602
1667432317225 500.0 603
1667432317622 180.0 604
1667432318740 500.0 605
1667432319830 459.0 606
1667432320837 434.0 607
1667432321949 500.0 608
1667432322942 444.0 609
1667432324103 500.0 610
1667432325017 405.0 611
1667432325801 353.0 612
1667432326647 368.0 613
1667432327708 481.0 614
1667432328601 408.0 615
1667432329689 500.0 616
1667432330764 500.0 617
1667432331746 415.0 618
1667432332502 352.0 619
1667432332884 175.0 620
1667432333936 500.0 621
1667432334991 500.0 622
1667432336044 500.0 623
1667432337099 500.0 624
1667432338180 500.0 625
1667432339275 500.0 626
1667432340371 500.0 627
1667432341534 500.0 628
1667432342624 500.0 629
1667432343724 500.0 630
1667432344698 453.0 631
1667432345444 316.0 632
1667432346503 500.0 633
1667432347590 500.0 634
1667432348606 464.0 635
1667432349369 327.0 636
1667432349990 293.0 637
1667432350972 404.0 638
1667432351834 375.0 639
1667432352658 380.0 640
1667432353440 362.0 641
1667432354337 400.0 642
1667432355098 343.0 643
1667432355866 351.0 644
1667432356619 343.0 645
1667432357417 372.0 646
1667432358144 323.0 647
1667432358899 348.0 648
1667432359651 331.0 649
1667432360349 328.0 650
1667432361200 362.0 651
1667432362009 365.0 652
1667432362732 332.0 653
1667432363540 374.0 654
1667432364323 359.0 655
1667432365178 373.0 656
1667432365339 70.0 657
1667432366034 325.0 658
1667432366691 297.0 659
1667432367470 337.0 660
1667432368135 308.0 661
1667432368785 305.0 662
1667432369522 309.0 663
1667432370209 321.0 664
1667432371063 327.0 665
1667432371664 273.0 666
1667432372333 287.0 667
1667432372912 270.0 668
1667432373485 268.0 669
1667432374037 258.0 670
1667432374583 257.0 671
1667432375143 261.0 672
1667432375683 246.0 673
1667432376315 265.0 674
1667432376833 233.0 675
1667432377342 241.0 676
1667432377860 246.0 677
1667432378411 253.0 678
1667432378874 215.0 679
1667432379464 265.0 680
1667432380039 266.0 681
1667432380666 284.0 682
1667432381330 263.0 683
1667432381913 260.0 684
1667432382490 265.0 685
1667432383035 252.0 686
1667432383645 280.0 687
1667432384216 271.0 688
1667432384851 296.0 689
1667432385364 239.0 690
1667432385911 257.0 691
1667432386437 247.0 692
1667432386997 264.0 693
1667432387598 271.0 694
1667432388164 264.0 695
1667432388759 268.0 696
1667432389400 290.0 697
1667432389958 261.0 698
1667432390614 303.0 699
1667432391350 292.0 700
1667432392047 316.0 701
1667432392777 333.0 702
1667432393594 361.0 703
1667432394259 303.0 704
1667432394961 323.0 705
1667432395712 336.0 706
1667432396512 370.0 707
1667432397206 333.0 708
1667432397864 304.0 709
1667432398682 378.0 710
1667432399414 320.0 711
1667432400105 322.0 712
1667432400901 338.0 713
1667432401640 329.0 714
1667432402425 347.0 715
1667432403245 370.0 716
1667432404028 360.0 717
1667432404739 311.0 718
1667432405580 394.0 719
1667432406531 398.0 720
1667432407424 401.0 721
1667432408430 449.0 722
1667432409481 476.0 723
1667432410573 500.0 724
1667432411774 500.0 725
1667432412927 500.0 726
1667432414015 500.0 727
1667432415113 500.0 728
1667432416200 500.0 729
1667432417269 500.0 730
1667432418356 500.0 731
1667432419426 500.0 732
1667432420498 500.0 733
1667432421581 500.0 734
1667432422678 500.0 735
1667432423767 500.0 736
1667432424870 500.0 737
1667432425968 500.0 738
1667432427093 500.0 739
1667432428196 500.0 740
1667432429289 500.0 741
1667432430438 500.0 742
1667432431544 500.0 743
1667432432626 500.0 744
1667432433743 500.0 745
1667432434835 500.0 746
1667432435923 500.0 747
1667432437000 500.0 748
1667432438081 500.0 749
1667432439154 500.0 750
1667432440251 500.0 751
1667432441326 500.0 752
1667432442433 500.0 753
1667432442587 64.0 754
1667432443627 500.0 755
1667432444695 500.0 756
1667432445786 500.0 757
1667432446257 217.0 758
1667432447320 500.0 759
1667432448382 500.0 760
1667432449457 500.0 761
1667432450529 500.0 762
1667432451593 500.0 763
1667432452674 500.0 764
1667432453772 500.0 765
1667432454889 500.0 766
1667432455990 500.0 767
1667432457093 500.0 768
1667432458185 500.0 769
1667432459282 500.0 770
1667432460346 500.0 771
1667432461454 500.0 772
1667432462531 500.0 773
1667432463630 500.0 774
1667432464712 500.0 775
1667432465826 500.0 776
1667432466909 500.0 777
1667432468041 500.0 778
1667432469132 500.0 779
1667432470208 500.0 780
1667432471302 500.0 781
1667432472472 500.0 782
1667432473561 500.0 783
1667432474653 500.0 784
1667432475713 500.0 785
1667432476779 500.0 786
1667432477875 500.0 787
1667432478969 500.0 788
1667432480031 500.0 789
1667432481115 500.0 790
1667432482175 500.0 791
1667432483265 500.0 792
1667432484395 500.0 793
1667432485479 500.0 794
1667432486593 500.0 795
1667432487701 500.0 796
1667432488325 274.0 797
1667432489398 500.0 798
1667432490463 500.0 799
1667432491543 500.0 800
1667432492648 500.0 801
1667432493746 500.0 802
1667432494818 500.0 803
1667432495902 500.0 804
1667432497004 500.0 805
1667432498119 500.0 806
1667432499262 500.0 807
1667432500348 500.0 808
1667432501510 500.0 809
1667432502629 500.0 810
1667432503751 500.0 811
1667432504874 500.0 812
1667432505984 500.0 813
1667432507069 500.0 814
1667432508141 500.0 815
1667432509221 500.0 816
1667432510313 500.0 817
1667432511405 500.0 818
1667432512504 500.0 819
1667432513590 500.0 820
1667432514668 500.0 821
1667432515730 500.0 822
1667432516817 500.0 823
1667432517883 500.0 824
1667432518959 500.0 825
1667432520046 500.0 826
1667432521114 500.0 827
1667432522203 500.0 828
1667432523301 500.0 829
1667432524372 500.0 830
1667432525442 500.0 831
1667432526484 500.0 832
1667432527572 500.0 833
1667432528692 500.0 834
1667432529557 400.0 835
1667432530627 500.0 836
1667432531709 500.0 837
1667432532793 500.0 838
1667432533885 500.0 839
1667432534463 271.0 840
1667432535427 434.0 841
1667432536502 500.0 842
1667432537598 500.0 843
1667432538711 500.0 844
1667432539815 500.0 845
1667432540975 500.0 846
1667432541968 447.0 847
1667432543058 500.0 848
1667432544137 500.0 849
1667432545264 500.0 850
1667432546216 441.0 851
1667432547093 400.0 852
1667432548164 471.0 853
1667432549360 500.0 854
1667432550534 500.0 855
1667432551758 500.0 856
1667432552784 464.0 857
1667432553935 500.0 858
1667432554973 481.0 859
1667432555934 413.0 860
1667432557013 500.0 861
1667432558091 500.0 862
1667432559171 500.0 863
1667432560293 500.0 864
1667432561463 500.0 865
1667432562513 500.0 866
1667432563596 500.0 867
1667432564671 500.0 868
1667432565751 500.0 869
1667432566252 217.0 870
1667432567358 500.0 871
1667432568468 500.0 872
1667432569540 500.0 873
1667432570633 500.0 874
1667432571717 500.0 875
1667432572671 429.0 876
1667432573774 500.0 877
1667432574867 500.0 878
1667432575943 500.0 879
1667432577026 500.0 880
1667432578134 500.0 881
1667432579250 500.0 882
1667432580328 500.0 883
1667432581407 500.0 884
1667432582190 357.0 885
1667432583266 500.0 886
1667432584347 500.0 887
1667432585448 500.0 888
1667432586531 500.0 889
1667432587483 444.0 890
1667432587969 225.0 891
1667432589051 500.0 892
1667432590166 500.0 893
1667432591257 500.0 894
1667432592016 352.0 895
1667432593113 500.0 896
1667432594169 500.0 897
1667432595234 500.0 898
1667432596321 500.0 899
1667432597431 500.0 900
1667432598510 500.0 901
1667432599597 500.0 902
1667432599964 164.0 903
1667432600378 188.0 904
1667432600712 156.0 905
1667432601063 161.0 906
1667432602185 500.0 907
1667432602472 124.0 908
1667432603121 297.0 909
1667432603507 176.0 910
1667432603853 150.0 911
1667432604943 500.0 912
1667432606032 500.0 913
1667432606809 364.0 914
1667432607880 500.0 915
1667432608706 370.0 916
1667432609032 144.0 917
1667432609454 191.0 918
1667432610045 269.0 919
1667432610674 271.0 920
1667432611746 500.0 921
1667432612503 349.0 922
1667432613581 500.0 923
1667432614141 251.0 924
1667432615208 500.0 925
1667432616001 369.0 926
1667432617056 500.0 927
1667432617677 283.0 928
1667432618209 245.0 929
1667432618963 357.0 930
1667432620039 500.0 931
1667432621111 500.0 932
1667432622196 500.0 933
1667432622994 371.0 934
1667432624077 500.0 935
1667432625152 500.0 936
1667432626259 500.0 937
1667432627310 500.0 938
1667432628349 473.0 939
1667432629413 500.0 940
1667432630494 500.0 941
1667432631046 249.0 942
1667432632126 500.0 943
1667432633212 500.0 944
1667432634248 467.0 945
1667432634787 244.0 946
1667432635915 500.0 947
1667432637023 500.0 948
1667432638118 500.0 949
1667432639172 500.0 950
1667432640213 500.0 951
1667432641291 500.0 952
1667432642375 500.0 953
1667432642707 147.0 954
1667432643038 145.0 955
1667432644154 500.0 956
1667432644976 380.0 957
1667432646047 500.0 958
1667432647106 500.0 959
1667432648155 500.0 960
1667432649209 500.0 961
1667432650258 500.0 962
1667432651357 500.0 963
1667432652107 347.0 964
1667432653118 479.0 965
1667432654190 500.0 966
1667432655272 500.0 967
1667432655789 232.0 968
1667432656864 500.0 969
1667432657976 500.0 970
1667432658747 346.0 971
1667432659838 500.0 972
1667432660372 245.0 973
1667432661110 342.0 974
1667432662205 500.0 975
1667432663259 500.0 976
1667432664366 500.0 977
1667432665462 500.0 978
1667432666521 500.0 979
1667432667577 500.0 980
1667432668657 500.0 981
1667432669770 500.0 982
1667432670239 217.0 983
1667432671292 500.0 984
1667432672362 500.0 985
1667432673420 500.0 986
1667432673905 225.0 987
1667432674979 500.0 988
1667432676055 500.0 989
1667432677119 500.0 990
1667432678189 500.0 991
1667432679246 500.0 992
1667432680301 500.0 993
1667432681361 500.0 994
1667432682431 500.0 995
1667432683504 500.0 996
1667432684571 500.0 997
1667432685635 500.0 998
1667432686737 500.0 999
1667432687834 500.0 1000
1667432688910 500.0 1001
1667432690029 500.0 1002
1667432691100 500.0 1003
1667432692184 500.0 1004
1667432693292 500.0 1005
1667432694364 500.0 1006
1667432695467 500.0 1007
1667432696560 500.0 1008
1667432697607 500.0 1009
1667432698618 500.0 1010
1667432699652 500.0 1011
1667432700676 500.0 1012
1667432701702 500.0 1013
1667432702714 500.0 1014
1667432703831 500.0 1015
1667432704914 500.0 1016
1667432706004 500.0 1017
1667432707081 500.0 1018
1667432708184 500.0 1019
1667432709256 500.0 1020
1667432710154 417.0 1021
1667432711225 500.0 1022
1667432712260 500.0 1023
1667432713341 500.0 1024
1667432714415 500.0 1025
1667432715487 500.0 1026
1667432716565 500.0 1027
1667432717640 500.0 1028
1667432718717 500.0 1029
1667432719782 500.0 1030
1667432720868 500.0 1031
1667432721943 500.0 1032
1667432723035 500.0 1033
1667432724114 500.0 1034
1667432725197 500.0 1035
1667432726283 500.0 1036
1667432727346 500.0 1037
1667432728434 500.0 1038
1667432729515 500.0 1039
1667432730604 500.0 1040
1667432731474 402.0 1041
1667432732321 399.0 1042
1667432733209 417.0 1043
1667432734285 500.0 1044
1667432735382 500.0 1045
1667432736465 500.0 1046
1667432737433 446.0 1047
1667432738525 500.0 1048
1667432739609 500.0 1049
1667432740546 431.0 1050
1667432741508 433.0 1051
1667432742589 500.0 1052
1667432743660 500.0 1053
1667432744737 500.0 1054
1667432745830 500.0 1055
1667432746910 500.0 1056
1667432748008 500.0 1057
1667432749090 500.0 1058
1667432750181 500.0 1059
1667432751246 500.0 1060
1667432752333 500.0 1061
1667432753448 500.0 1062
1667432754522 500.0 1063
1667432755587 500.0 1064
1667432756675 500.0 1065
1667432757773 500.0 1066
1667432758853 500.0 1067
1667432759912 500.0 1068
1667432760970 500.0 1069
1667432762037 500.0 1070
1667432763118 500.0 1071
1667432764186 500.0 1072
1667432765256 500.0 1073
1667432766317 500.0 1074
1667432767386 500.0 1075
1667432768473 500.0 1076
1667432769526 500.0 1077
1667432770613 500.0 1078
1667432771681 500.0 1079
1667432772748 500.0 1080
1667432773843 500.0 1081
1667432774922 500.0 1082
1667432776025 500.0 1083
1667432777103 500.0 1084
1667432778188 500.0 1085
1667432779267 500.0 1086
1667432780344 500.0 1087
1667432781414 500.0 1088
1667432782535 500.0 1089
1667432783640 500.0 1090
1667432784769 500.0 1091
1667432785873 500.0 1092
1667432786976 500.0 1093
1667432788077 500.0 1094
1667432789176 500.0 1095
1667432790288 500.0 1096
1667432791386 500.0 1097
1667432792480 500.0 1098
1667432793554 500.0 1099
1667432794660 500.0 1100
1667432795763 500.0 1101
1667432796869 500.0 1102
1667432797959 500.0 1103
1667432799061 500.0 1104
1667432800146 500.0 1105
1667432801241 500.0 1106
1667432802354 500.0 1107
1667432803470 500.0 1108
1667432804614 500.0 1109
1667432805728 500.0 1110
1667432806819 500.0 1111
1667432807911 500.0 1112
1667432808957 500.0 1113
1667432810007 500.0 1114
1667432811081 500.0 1115
1667432812156 500.0 1116
1667432813255 500.0 1117
1667432814323 500.0 1118
1667432815431 500.0 1119
1667432816553 500.0 1120
1667432817630 500.0 1121
1667432818705 500.0 1122
1667432819793 500.0 1123
1667432820874 500.0 1124
1667432821946 500.0 1125
1667432823032 500.0 1126
1667432824120 500.0 1127
1667432825212 500.0 1128
1667432826296 500.0 1129
1667432827401 500.0 1130
1667432828508 500.0 1131
1667432829612 500.0 1132
1667432830719 500.0 1133
1667432831839 500.0 1134
1667432832939 500.0 1135
1667432834024 500.0 1136
1667432835165 500.0 1137
1667432836272 500.0 1138
1667432837402 500.0 1139
1667432838480 500.0 1140
1667432839528 500.0 1141
1667432840590 500.0 1142
1667432841671 500.0 1143
1667432842736 500.0 1144
1667432843828 500.0 1145
1667432844887 500.0 1146
1667432845977 500.0 1147
1667432847056 500.0 1148
1667432848145 500.0 1149
1667432849229 500.0 1150
1667432850323 500.0 1151
1667432851447 500.0 1152
1667432852561 500.0 1153
1667432853653 500.0 1154
1667432854732 500.0 1155
1667432855818 500.0 1156
1667432856892 500.0 1157
1667432858087 500.0 1158
1667432859272 500.0 1159
1667432860365 500.0 1160
1667432861508 500.0 1161
1667432862597 500.0 1162
1667432863688 500.0 1163
1667432864785 500.0 1164
1667432865866 500.0 1165
1667432866947 500.0 1166
1667432868151 500.0 1167
1667432869259 500.0 1168
1667432869995 340.0 1169
1667432871062 500.0 1170
1667432872139 500.0 1171
1667432873235 500.0 1172
1667432873818 263.0 1173
1667432874920 500.0 1174
1667432876013 500.0 1175
1667432877081 500.0 1176
1667432878161 500.0 1177
1667432879231 500.0 1178
1667432880314 500.0 1179
1667432881382 500.0 1180
1667432882476 500.0 1181
1667432882995 234.0 1182
1667432884062 500.0 1183
1667432885203 500.0 1184
1667432886025 377.0 1185
1667432887092 500.0 1186
1667432888175 500.0 1187
1667432889249 500.0 1188
1667432890299 500.0 1189
1667432891356 500.0 1190
1667432892419 500.0 1191
1667432893459 500.0 1192
1667432894501 500.0 1193
1667432895560 500.0 1194
1667432896618 500.0 1195
1667432897678 500.0 1196
1667432898740 500.0 1197
1667432899807 500.0 1198
1667432900866 500.0 1199
1667432901930 500.0 1200
1667432902991 500.0 1201
1667432903925 436.0 1202
1667432904992 500.0 1203
1667432906060 500.0 1204
1667432907102 500.0 1205
1667432908163 500.0 1206
1667432909218 500.0 1207
1667432910301 500.0 1208
1667432911381 500.0 1209
1667432912452 500.0 1210
1667432913531 500.0 1211
1667432914617 500.0 1212
1667432915723 500.0 1213
1667432916299 256.0 1214
1667432916882 260.0 1215
1667432917974 500.0 1216
1667432919067 500.0 1217
1667432920141 500.0 1218
1667432921234 500.0 1219
1667432922369 500.0 1220
1667432923426 500.0 1221
1667432923663 105.0 1222
1667432924729 500.0 1223
1667432925823 500.0 1224
1667432926937 500.0 1225
1667432928046 500.0 1226
1667432928283 105.0 1227
1667432928830 252.0 1228
1667432929955 500.0 1229
1667432931072 500.0 1230
1667432931481 180.0 1231
1667432932585 500.0 1232
1667432933666 500.0 1233
1667432934747 500.0 1234
1667432935112 165.0 1235
1667432936181 500.0 1236
1667432937259 500.0 1237
1667432938330 500.0 1238
1667432939032 322.0 1239
1667432940108 500.0 1240
1667432941178 500.0 1241
1667432942246 500.0 1242
1667432943307 500.0 1243
1667432944393 500.0 1244
1667432945477 500.0 1245
1667432946559 500.0 1246
1667432947648 500.0 1247
1667432948695 500.0 1248
1667432949764 500.0 1249
1667432950141 169.0 1250
1667432951279 500.0 1251
1667432952405 500.0 1252
1667432953557 500.0 1253
1667432954633 500.0 1254
1667432955723 500.0 1255
1667432956815 500.0 1256
1667432957942 500.0 1257
1667432959090 500.0 1258
1667432960186 500.0 1259
1667432961287 500.0 1260
1667432962405 500.0 1261
1667432963541 500.0 1262
1667432964635 500.0 1263
1667432965723 500.0 1264
1667432966828 500.0 1265
1667432967890 500.0 1266
1667432968986 500.0 1267
1667432970076 500.0 1268
1667432971158 500.0 1269
1667432972226 500.0 1270
1667432973291 500.0 1271
1667432974368 500.0 1272
1667432975433 500.0 1273
1667432976503 500.0 1274
1667432977554 500.0 1275
1667432978622 500.0 1276
1667432979679 500.0 1277
1667432980731 500.0 1278
1667432981796 500.0 1279
1667432982874 500.0 1280
1667432983949 500.0 1281
1667432985045 500.0 1282
1667432986134 500.0 1283
1667432987205 500.0 1284
1667432988270 500.0 1285
1667432989326 500.0 1286
1667432990390 500.0 1287
1667432991467 500.0 1288
1667432992535 500.0 1289
1667432993581 500.0 1290
1667432994644 500.0 1291
1667432995699 500.0 1292
1667432996766 500.0 1293
1667432997816 500.0 1294
1667432998871 500.0 1295
1667432999943 500.0 1296
1667433001019 500.0 1297
1667433002091 500.0 1298
1667433003159 500.0 1299
1667433004262 500.0 1300
1667433005374 500.0 1301
1667433006474 500.0 1302
1667433007550 500.0 1303
1667433008619 500.0 1304
1667433009719 500.0 1305
1667433010807 500.0 1306
1667433011906 500.0 1307
1667433012985 500.0 1308
1667433014086 500.0 1309
1667433015176 500.0 1310
1667433016240 500.0 1311
1667433017313 500.0 1312
1667433018401 500.0 1313
1667433019504 500.0 1314
1667433020584 500.0 1315
1667433021687 500.0 1316
1667433022797 500.0 1317
1667433023899 500.0 1318
1667433024970 500.0 1319
1667433025958 452.0 1320
1667433027050 500.0 1321
1667433027452 182.0 1322
1667433028118 306.0 1323
1667433028463 160.0 1324
1667433029536 500.0 1325
1667433030653 500.0 1326
1667433031647 448.0 1327
1667433032205 249.0 1328
1667433033274 500.0 1329
1667433034362 500.0 1330
1667433035443 500.0 1331
1667433036523 500.0 1332
1667433037335 373.0 1333
1667433038447 500.0 1334
1667433039541 500.0 1335
1667433040657 500.0 1336
1667433041766 500.0 1337
1667433042891 500.0 1338
1667433044004 500.0 1339
1667433045125 500.0 1340
1667433046209 500.0 1341
1667433047295 500.0 1342
1667433048371 500.0 1343
1667433049469 500.0 1344
1667433050565 500.0 1345
1667433051669 500.0 1346
1667433052774 500.0 1347
