1667499881768 54.0 0
1667499882049 14.0 1
1667499882233 19.0 2
1667499882320 25.0 3
1667499882435 29.0 4
1667499882504 22.0 5
1667499882576 26.0 6
1667499882616 13.0 7
1667499882712 35.0 8
1667499882778 26.0 9
1667499882816 14.0 10
1667499882882 26.0 11
1667499882915 13.0 12
1667499882948 13.0 13
1667499882974 10.0 14
1667499883013 16.0 15
1667499883080 29.0 16
1667499883211 60.0 17
1667499883329 54.0 18
1667499883396 28.0 19
1667499883424 11.0 20
1667499883455 12.0 21
1667499883515 25.0 22
1667499883548 13.0 23
1667499883630 36.0 24
1667499883714 35.0 25
1667499883785 29.0 26
1667499883846 24.0 27
1667499883896 19.0 28
1667499883938 16.0 29
1667499884166 101.0 30
1667499884319 64.0 31
1667499884401 35.0 32
1667499884489 36.0 33
1667499884575 37.0 34
1667499884627 21.0 35
1667499884679 21.0 36
1667499884760 34.0 37
1667499884784 9.0 38
1667499884847 23.0 39
1667499884894 19.0 40
1667499884935 16.0 41
1667499884964 10.0 42
1667499885029 28.0 43
1667499885139 47.0 44
1667499885176 14.0 45
1667499885222 18.0 46
1667499885252 10.0 47
1667499885290 15.0 48
1667499885353 26.0 49
1667499885391 15.0 50
1667499885420 10.0 51
1667499885458 15.0 52
1667499885506 19.0 53
1667499885631 54.0 54
1667499885736 46.0 55
1667499885804 28.0 56
1667499885869 26.0 57
1667499885981 42.0 58
1667499886109 37.0 59
1667499886151 15.0 60
1667499886357 91.0 61
1667499886441 37.0 62
1667499886563 54.0 63
1667499886659 43.0 64
1667499886711 21.0 65
1667499886758 19.0 66
1667499886873 51.0 67
1667499887034 72.0 68
1667499887130 41.0 69
1667499887163 11.0 70
1667499887214 21.0 71
1667499887244 11.0 72
1667499887393 34.0 73
1667499887450 23.0 74
1667499887598 64.0 75
1667499887630 12.0 76
1667499887735 46.0 77
1667499887795 25.0 78
1667499887859 26.0 79
1667499887898 15.0 80
1667499887945 18.0 81
1667499887998 21.0 82
1667499888055 23.0 83
1667499888128 29.0 84
1667499888158 11.0 85
1667499888212 21.0 86
1667499888249 14.0 87
1667499888382 57.0 88
1667499888422 15.0 89
1667499888471 19.0 90
1667499888554 35.0 91
1667499888614 22.0 92
1667499888683 28.0 93
1667499888735 19.0 94
1667499888801 27.0 95
1667499888834 11.0 96
1667499888911 32.0 97
1667499889065 67.0 98
1667499889127 26.0 99
1667499889158 11.0 100
1667499889194 13.0 101
1667499889253 25.0 102
1667499889321 27.0 103
1667499889423 44.0 104
1667499889477 20.0 105
1667499889588 48.0 106
1667499889621 12.0 107
1667499889657 14.0 108
1667499889748 37.0 109
1667499889789 15.0 110
1667499889840 20.0 111
1667499889889 19.0 112
1667499889936 18.0 113
1667499890004 28.0 114
1667499890038 12.0 115
1667499890097 23.0 116
1667499890169 30.0 117
1667499890216 17.0 118
1667499890322 44.0 119
1667499890511 79.0 120
1667499890584 30.0 121
1667499890658 29.0 122
1667499890730 30.0 123
1667499890776 17.0 124
1667499890860 35.0 125
1667499890964 43.0 126
1667499891001 14.0 127
1667499891037 13.0 128
1667499891067 10.0 129
1667499891106 15.0 130
1667499891176 26.0 131
1667499891234 23.0 132
1667499891293 22.0 133
1667499891346 21.0 134
1667499891384 14.0 135
1667499891554 75.0 136
1667499891701 61.0 137
1667499891764 25.0 138
1667499891815 20.0 139
1667499891864 19.0 140
1667499891918 20.0 141
1667499891961 16.0 142
1667499892024 26.0 143
1667499892141 49.0 144
1667499892174 12.0 145
1667499892212 14.0 146
1667499892335 54.0 147
1667499892452 49.0 148
1667499892541 37.0 149
1667499892626 34.0 150
1667499892699 30.0 151
1667499892739 15.0 152
1667499892808 28.0 153
1667499892941 56.0 154
1667499892984 17.0 155
1667499893065 33.0 156
1667499893111 18.0 157
1667499893194 35.0 158
1667499893235 17.0 159
1667499893292 23.0 160
1667499893344 22.0 161
1667499893368 8.0 162
1667499893410 16.0 163
1667499893445 13.0 164
1667499893474 10.0 165
1667499893599 54.0 166
1667499893632 13.0 167
1667499893775 62.0 168
1667499893880 45.0 169
1667499894063 80.0 170
1667499894118 22.0 171
1667499894168 19.0 172
1667499894225 23.0 173
1667499894254 10.0 174
1667499894281 9.0 175
1667499894327 18.0 176
1667499894414 36.0 177
1667499894461 19.0 178
1667499894515 21.0 179
1667499894586 29.0 180
1667499894633 18.0 181
1667499894757 54.0 182
1667499894809 20.0 183
1667499894909 43.0 184
1667499895029 52.0 185
1667499895085 22.0 186
1667499895117 11.0 187
1667499895184 28.0 188
1667499895269 36.0 189
1667499895462 77.0 190
1667499895585 53.0 191
1667499895665 32.0 192
1667499895827 65.0 193
1667499895877 19.0 194
1667499895989 49.0 195
1667499896071 30.0 196
1667499896186 47.0 197
1667499896414 102.0 198
1667499896463 19.0 199
1667499896521 24.0 200
1667499896592 30.0 201
1667499896650 23.0 202
1667499896714 20.0 203
1667499896838 53.0 204
1667499896896 23.0 205
1667499896933 14.0 206
1667499897013 33.0 207
1667499897105 39.0 208
1667499897139 13.0 209
1667499897207 27.0 210
1667499897242 13.0 211
1667499897287 16.0 212
1667499897407 52.0 213
1667499897637 101.0 214
1667499897675 14.0 215
1667499897793 51.0 216
1667499897914 53.0 217
1667499898025 47.0 218
1667499898079 21.0 219
1667499898181 42.0 220
1667499898256 29.0 221
1667499898304 19.0 222
1667499898454 65.0 223
1667499898503 19.0 224
1667499898548 17.0 225
1667499898680 58.0 226
1667499898773 39.0 227
1667499898832 23.0 228
1667499898862 11.0 229
1667499898907 18.0 230
1667499898944 14.0 231
1667499898998 21.0 232
1667499899075 33.0 233
1667499899111 13.0 234
1667499899153 17.0 235
1667499899194 16.0 236
1667499899249 22.0 237
1667499899319 29.0 238
1667499899396 31.0 239
1667499899455 24.0 240
1667499899515 24.0 241
1667499899552 14.0 242
1667499899676 53.0 243
1667499899729 20.0 244
1667499899768 15.0 245
1667499899805 14.0 246
1667499899902 39.0 247
1667499899938 14.0 248
1667499900026 36.0 249
1667499900054 10.0 250
1667499900099 17.0 251
1667499900158 24.0 252
1667499900271 47.0 253
1667499900313 16.0 254
1667499900359 18.0 255
1667499900399 15.0 256
1667499900450 21.0 257
1667499900593 61.0 258
1667499900625 12.0 259
1667499900717 38.0 260
1667499900750 12.0 261
1667499900802 20.0 262
1667499900879 32.0 263
1667499900935 22.0 264
1667499901082 63.0 265
1667499901114 11.0 266
1667499901201 36.0 267
1667499901248 18.0 268
1667499901283 13.0 269
1667499901402 50.0 270
1667499901432 10.0 271
1667499901482 19.0 272
1667499901529 19.0 273
1667499901599 28.0 274
1667499901709 46.0 275
1667499901843 56.0 276
1667499901930 36.0 277
1667499901997 26.0 278
1667499902080 35.0 279
1667499902117 14.0 280
1667499902168 20.0 281
1667499902234 27.0 282
1667499902274 15.0 283
1667499902321 18.0 284
1667499902479 68.0 285
1667499902517 14.0 286
1667499902569 21.0 287
1667499902623 22.0 288
1667499902719 40.0 289
1667499902780 25.0 290
1667499902863 34.0 291
1667499902958 40.0 292
1667499903020 23.0 293
1667499903127 45.0 294
1667499903177 16.0 295
1667499903296 51.0 296
1667499903368 30.0 297
1667499903484 50.0 298
1667499903629 62.0 299
1667499903771 60.0 300
1667499903867 40.0 301
1667499903901 12.0 302
1667499903970 27.0 303
1667499904061 37.0 304
1667499904152 37.0 305
1667499904281 54.0 306
1667499904344 23.0 307
1667499904382 13.0 308
1667499904428 17.0 309
1667499904479 21.0 310
1667499904534 23.0 311
1667499904601 28.0 312
1667499904639 15.0 313
1667499904695 22.0 314
1667499904782 38.0 315
1667499904948 70.0 316
1667499904988 15.0 317
1667499905116 55.0 318
1667499905173 23.0 319
1667499905205 11.0 320
1667499905261 22.0 321
1667499905369 46.0 322
1667499905423 21.0 323
1667499905517 41.0 324
1667499905564 16.0 325
1667499905601 14.0 326
1667499905714 49.0 327
1667499905793 31.0 328
1667499905863 28.0 329
1667499905923 23.0 330
1667499906013 39.0 331
1667499906053 14.0 332
1667499906084 11.0 333
1667499906118 14.0 334
1667499906166 19.0 335
1667499906231 27.0 336
1667499906271 15.0 337
1667499906319 18.0 338
1667499906402 36.0 339
1667499906430 10.0 340
1667499906522 41.0 341
1667499906715 87.0 342
1667499906761 19.0 343
1667499906793 12.0 344
1667499906913 52.0 345
1667499907063 66.0 346
1667499907194 58.0 347
1667499907392 88.0 348
1667499907424 12.0 349
1667499907463 15.0 350
1667499907562 43.0 351
1667499907706 64.0 352
1667499907828 53.0 353
1667499907866 14.0 354
1667499907932 27.0 355
1667499907997 26.0 356
1667499908111 48.0 357
1667499908215 46.0 358
1667499908331 51.0 359
1667499908363 12.0 360
1667499908446 36.0 361
1667499908615 73.0 362
1667499908667 21.0 363
1667499908738 29.0 364
1667499908890 66.0 365
1667499908997 44.0 366
1667499909075 31.0 367
1667499909169 39.0 368
1667499909247 33.0 369
1667499909282 13.0 370
1667499909329 18.0 371
1667499909379 20.0 372
1667499909508 49.0 373
1667499909589 30.0 374
1667499909648 24.0 375
1667499909829 80.0 376
1667499909892 26.0 377
1667499909982 38.0 378
1667499910094 32.0 379
1667499910136 14.0 380
1667499910309 50.0 381
1667499910352 11.0 382
1667499910420 25.0 383
1667499910473 19.0 384
1667499910586 47.0 385
1667499910657 31.0 386
1667499910799 64.0 387
1667499910959 71.0 388
1667499911149 82.0 389
1667499911184 13.0 390
1667499911269 36.0 391
1667499911335 26.0 392
1667499911395 24.0 393
1667499911462 28.0 394
1667499911544 35.0 395
1667499911636 39.0 396
1667499911686 20.0 397
1667499911758 31.0 398
1667499911824 27.0 399
1667499911893 29.0 400
1667499911924 11.0 401
1667499911987 27.0 402
1667499912030 17.0 403
1667499912121 38.0 404
1667499912158 15.0 405
1667499912193 14.0 406
1667499912224 12.0 407
1667499912291 29.0 408
1667499912347 22.0 409
1667499912540 90.0 410
1667499912588 18.0 411
1667499912643 23.0 412
1667499912770 57.0 413
1667499912922 68.0 414
1667499912955 12.0 415
1667499913020 28.0 416
1667499913089 28.0 417
1667499913117 10.0 418
1667499913201 36.0 419
1667499913264 26.0 420
1667499913303 15.0 421
1667499913363 25.0 422
1667499913402 16.0 423
1667499913460 25.0 424
1667499913593 57.0 425
1667499913648 23.0 426
1667499913722 31.0 427
1667499913760 15.0 428
1667499913812 20.0 429
1667499913930 52.0 430
1667499913989 24.0 431
1667499914111 53.0 432
1667499914142 11.0 433
1667499914193 21.0 434
1667499914276 37.0 435
1667499914320 16.0 436
1667499914420 44.0 437
1667499914528 47.0 438
1667499914585 23.0 439
1667499914660 32.0 440
1667499914924 119.0 441
1667499915001 33.0 442
1667499915036 14.0 443
1667499915113 32.0 444
1667499915150 15.0 445
1667499915271 55.0 446
1667499915341 28.0 447
1667499915421 35.0 448
1667499915554 61.0 449
1667499915591 14.0 450
1667499915645 16.0 451
1667499915678 13.0 452
1667499915722 17.0 453
1667499915750 11.0 454
1667499915930 83.0 455
1667499916006 33.0 456
1667499916045 16.0 457
1667499916281 111.0 458
1667499916321 16.0 459
1667499916393 31.0 460
1667499916424 12.0 461
1667499916466 17.0 462
1667499916498 12.0 463
1667499916550 22.0 464
1667499916583 12.0 465
1667499916623 16.0 466
1667499916664 17.0 467
1667499916705 15.0 468
1667499916916 97.0 469
1667499916995 35.0 470
1667499917038 17.0 471
1667499917151 51.0 472
1667499917182 11.0 473
1667499917247 28.0 474
1667499917287 16.0 475
1667499917326 15.0 476
1667499917424 44.0 477
1667499917473 20.0 478
1667499917523 21.0 479
1667499917594 31.0 480
1667499917630 14.0 481
1667499917674 18.0 482
1667499917720 19.0 483
1667499917874 69.0 484
1667499917927 22.0 485
1667499917961 13.0 486
1667499918049 39.0 487
1667499918083 13.0 488
1667499918190 46.0 489
1667499918251 25.0 490
1667499918284 13.0 491
1667499918360 32.0 492
1667499918412 21.0 493
1667499918465 22.0 494
1667499918525 25.0 495
1667499918556 12.0 496
1667499918609 22.0 497
1667499918712 46.0 498
1667499918768 24.0 499
1667499918819 21.0 500
1667499918861 17.0 501
1667499918966 47.0 502
1667499919026 25.0 503
1667499919071 19.0 504
1667499919139 29.0 505
1667499919282 65.0 506
1667499919335 21.0 507
1667499919389 23.0 508
1667499919483 41.0 509
1667499919564 19.0 510
1667499919660 38.0 511
1667499919745 37.0 512
1667499919945 92.0 513
1667499920016 29.0 514
1667499920053 14.0 515
1667499920140 38.0 516
1667499920176 14.0 517
1667499920254 33.0 518
1667499920289 13.0 519
1667499920345 23.0 520
1667499920394 19.0 521
1667499920456 24.0 522
1667499920546 37.0 523
1667499920600 21.0 524
1667499920630 10.0 525
1667499920787 67.0 526
1667499920937 65.0 527
1667499920990 21.0 528
1667499921072 35.0 529
1667499921113 17.0 530
1667499921176 27.0 531
1667499921268 40.0 532
1667499921336 28.0 533
1667499921428 40.0 534
1667499921464 13.0 535
1667499921513 20.0 536
1667499921553 15.0 537
1667499921590 13.0 538
1667499921872 124.0 539
1667499921951 34.0 540
1667499921982 12.0 541
1667499922063 36.0 542
1667499922110 19.0 543
1667499922218 46.0 544
1667499922255 14.0 545
1667499922295 16.0 546
1667499922408 50.0 547
1667499922440 12.0 548
1667499922613 78.0 549
1667499922693 33.0 550
1667499922911 101.0 551
1667499922995 36.0 552
1667499923059 27.0 553
1667499923098 15.0 554
1667499923293 90.0 555
1667499923345 21.0 556
1667499923429 37.0 557
1667499923468 15.0 558
1667499923572 46.0 559
1667499923766 86.0 560
1667499923816 20.0 561
1667499923869 22.0 562
1667499923907 15.0 563
1667499923947 16.0 564
1667499924054 47.0 565
1667499924116 26.0 566
1667499924164 19.0 567
1667499924247 36.0 568
1667499924280 12.0 569
1667499924403 56.0 570
1667499924471 28.0 571
1667499924511 16.0 572
1667499924575 27.0 573
1667499924735 72.0 574
1667499924841 46.0 575
1667499924966 56.0 576
1667499925021 22.0 577
1667499925143 53.0 578
1667499925266 52.0 579
1667499925320 20.0 580
1667499925426 37.0 581
1667499925651 97.0 582
1667499925737 35.0 583
1667499925800 25.0 584
1667499925855 21.0 585
1667499925904 20.0 586
1667499925963 24.0 587
1667499926091 57.0 588
1667499926135 17.0 589
1667499926309 77.0 590
1667499926393 36.0 591
1667499926511 52.0 592
1667499926559 19.0 593
1667499926603 18.0 594
1667499926749 52.0 595
1667499926904 68.0 596
1667499926970 28.0 597
1667499927002 12.0 598
1667499927068 28.0 599
1667499927143 30.0 600
1667499927276 57.0 601
1667499927324 19.0 602
1667499927445 52.0 603
1667499927502 24.0 604
1667499927590 38.0 605
1667499927619 11.0 606
1667499927721 44.0 607
1667499927883 72.0 608
1667499927955 28.0 609
1667499928081 48.0 610
1667499928171 36.0 611
1667499928438 112.0 612
1667499928503 21.0 613
1667499928539 13.0 614
1667499928570 12.0 615
1667499928630 25.0 616
1667499928686 25.0 617
1667499928712 9.0 618
1667499928795 37.0 619
1667499928875 35.0 620
1667499929005 60.0 621
1667499929160 69.0 622
1667499929195 13.0 623
1667499929256 25.0 624
1667499929373 52.0 625
1667499929440 28.0 626
1667499929587 59.0 627
1667499929688 17.0 628
1667499929917 90.0 629
1667499930011 40.0 630
1667499930142 58.0 631
1667499930213 30.0 632
1667499930359 66.0 633
1667499930404 18.0 634
1667499930436 12.0 635
1667499930472 14.0 636
1667499930549 33.0 637
1667499930614 28.0 638
1667499930683 29.0 639
1667499930752 29.0 640
1667499930886 60.0 641
1667499931002 51.0 642
1667499931106 46.0 643
1667499931150 18.0 644
1667499931192 16.0 645
1667499931322 59.0 646
1667499931428 46.0 647
1667499931490 26.0 648
1667499931592 45.0 649
1667499931657 28.0 650
1667499931692 13.0 651
1667499931748 24.0 652
1667499931810 26.0 653
1667499931885 32.0 654
1667499931948 26.0 655
1667499932226 119.0 656
1667499932266 14.0 657
1667499932346 34.0 658
1667499932447 44.0 659
1667499932516 15.0 660
1667499932677 56.0 661
1667499932735 23.0 662
1667499932800 26.0 663
1667499932877 30.0 664
1667499932915 15.0 665
1667499932951 13.0 666
1667499933096 62.0 667
1667499933185 37.0 668
1667499933322 60.0 669
1667499933441 50.0 670
1667499933514 29.0 671
1667499933556 16.0 672
1667499933649 39.0 673
1667499933722 30.0 674
1667499933802 34.0 675
1667499933937 58.0 676
1667499934101 72.0 677
1667499934146 17.0 678
1667499934211 26.0 679
1667499934257 18.0 680
1667499934362 46.0 681
1667499934390 10.0 682
1667499934420 12.0 683
1667499934482 25.0 684
1667499934729 109.0 685
1667499934816 37.0 686
1667499934881 26.0 687
1667499935004 54.0 688
1667499935054 20.0 689
1667499935124 29.0 690
1667499935179 22.0 691
1667499935227 19.0 692
1667499935268 15.0 693
1667499935448 79.0 694
1667499935493 17.0 695
1667499935614 54.0 696
1667499935765 66.0 697
1667499935824 24.0 698
1667499935903 33.0 699
1667499936077 76.0 700
1667499936262 81.0 701
1667499936295 12.0 702
1667499936423 54.0 703
1667499936453 11.0 704
1667499936515 25.0 705
1667499936592 32.0 706
1667499936621 10.0 707
1667499936712 38.0 708
1667499936757 17.0 709
1667499936832 32.0 710
1667499936919 36.0 711
1667499936960 16.0 712
1667499937185 98.0 713
1667499937402 96.0 714
1667499937528 53.0 715
1667499937616 36.0 716
1667499937717 43.0 717
1667499937819 43.0 718
1667499937928 46.0 719
1667499938016 38.0 720
1667499938065 19.0 721
1667499938202 60.0 722
1667499938256 21.0 723
1667499938292 14.0 724
1667499938331 15.0 725
1667499938363 11.0 726
1667499938497 58.0 727
1667499938551 21.0 728
1667499938607 22.0 729
1667499938823 96.0 730
1667499938881 23.0 731
1667499938936 22.0 732
1667499939108 75.0 733
1667499939244 58.0 734
1667499939285 16.0 735
1667499939415 56.0 736
1667499939633 95.0 737
1667499939717 34.0 738
1667499939814 41.0 739
1667499939878 26.0 740
1667499939954 31.0 741
1667499940024 28.0 742
1667499940120 40.0 743
1667499940191 28.0 744
1667499940284 39.0 745
1667499940325 15.0 746
1667499940380 22.0 747
1667499940470 38.0 748
1667499940535 25.0 749
1667499940667 56.0 750
1667499940726 23.0 751
1667499940770 17.0 752
1667499940912 61.0 753
1667499941038 54.0 754
1667499941123 35.0 755
1667499941164 16.0 756
1667499941291 47.0 757
1667499941321 11.0 758
1667499941446 54.0 759
1667499941513 28.0 760
1667499941571 23.0 761
1667499941706 58.0 762
1667499941793 36.0 763
1667499941853 25.0 764
1667499941918 26.0 765
1667499941953 13.0 766
1667499942049 40.0 767
1667499942102 20.0 768
1667499942171 27.0 769
1667499942316 62.0 770
1667499942415 41.0 771
1667499942483 27.0 772
1667499942648 72.0 773
1667499942856 90.0 774
1667499942930 31.0 775
1667499942988 23.0 776
1667499943066 33.0 777
1667499943133 27.0 778
1667499943233 42.0 779
1667499943329 40.0 780
1667499943457 56.0 781
1667499943503 18.0 782
1667499943554 21.0 783
1667499943595 16.0 784
1667499943750 69.0 785
1667499943845 41.0 786
1667499943915 29.0 787
1667499944029 50.0 788
1667499944078 19.0 789
1667499944133 23.0 790
1667499944348 92.0 791
1667499944378 11.0 792
1667499944500 52.0 793
1667499944584 34.0 794
1667499944819 102.0 795
1667499944942 53.0 796
1667499944997 22.0 797
1667499945037 16.0 798
1667499945094 23.0 799
1667499945122 10.0 800
1667499945229 47.0 801
1667499945374 63.0 802
1667499945430 23.0 803
1667499945519 38.0 804
1667499945687 75.0 805
1667499945929 109.0 806
1667499946050 53.0 807
1667499946158 45.0 808
1667499946310 66.0 809
1667499946369 24.0 810
1667499946495 56.0 811
1667499946588 39.0 812
1667499946635 19.0 813
1667499946706 29.0 814
1667499946856 67.0 815
1667499946926 29.0 816
1667499946974 19.0 817
1667499947076 43.0 818
1667499947250 77.0 819
1667499947310 23.0 820
1667499947366 23.0 821
1667499947448 35.0 822
1667499947499 21.0 823
1667499947530 11.0 824
1667499947621 39.0 825
1667499947705 36.0 826
1667499947741 13.0 827
1667499947833 37.0 828
1667499947890 22.0 829
1667499947964 30.0 830
1667499948032 28.0 831
1667499948076 16.0 832
1667499948175 42.0 833
1667499948264 38.0 834
1667499948380 51.0 835
1667499948477 39.0 836
1667499948567 37.0 837
1667499948618 19.0 838
1667499948705 36.0 839
1667499948736 11.0 840
1667499948840 44.0 841
1667499948872 10.0 842
1667499949032 71.0 843
1667499949092 23.0 844
1667499949166 31.0 845
1667499949320 67.0 846
1667499949392 28.0 847
1667499949467 29.0 848
1667499949522 21.0 849
1667499949610 35.0 850
1667499949651 15.0 851
1667499949709 21.0 852
1667499949913 76.0 853
1667499949989 31.0 854
1667499950025 13.0 855
1667499950094 27.0 856
1667499950345 109.0 857
1667499950525 77.0 858
1667499950582 22.0 859
1667499950633 20.0 860
1667499950681 18.0 861
1667499950767 36.0 862
1667499950876 45.0 863
1667499950911 13.0 864
1667499951043 54.0 865
1667499951085 16.0 866
1667499951223 60.0 867
1667499951483 115.0 868
1667499951585 40.0 869
1667499951711 50.0 870
1667499951760 19.0 871
1667499951873 48.0 872
1667499951951 23.0 873
1667499952066 48.0 874
1667499952116 19.0 875
1667499952153 14.0 876
1667499952270 50.0 877
1667499952327 22.0 878
1667499952395 28.0 879
1667499952434 14.0 880
1667499952535 42.0 881
1667499952723 78.0 882
1667499952809 35.0 883
1667499952888 32.0 884
1667499952917 10.0 885
1667499952972 21.0 886
1667499953015 16.0 887
1667499953085 27.0 888
1667499953151 27.0 889
1667499953200 19.0 890
1667499953327 53.0 891
1667499953370 16.0 892
1667499953512 61.0 893
1667499953577 26.0 894
1667499953644 27.0 895
1667499953721 32.0 896
1667499953852 57.0 897
1667499953937 36.0 898
1667499953992 22.0 899
1667499954127 60.0 900
1667499954202 31.0 901
1667499954329 56.0 902
1667499954387 23.0 903
1667499954450 26.0 904
1667499954530 33.0 905
1667499954573 17.0 906
1667499954623 20.0 907
1667499954860 106.0 908
1667499955015 65.0 909
1667499955044 10.0 910
1667499955093 19.0 911
1667499955381 129.0 912
1667499955438 22.0 913
1667499955583 60.0 914
1667499955853 118.0 915
1667499955913 23.0 916
1667499956045 57.0 917
1667499956221 77.0 918
1667499956429 93.0 919
1667499956495 27.0 920
1667499956523 10.0 921
1667499956704 79.0 922
1667499956896 86.0 923
1667499956962 27.0 924
1667499957000 14.0 925
1667499957062 25.0 926
1667499957153 39.0 927
1667499957280 54.0 928
1667499957344 20.0 929
1667499957439 41.0 930
1667499957518 34.0 931
1667499957582 26.0 932
1667499957664 35.0 933
1667499957850 81.0 934
1667499958058 93.0 935
1667499958285 101.0 936
1667499958347 25.0 937
1667499958410 26.0 938
1667499958594 80.0 939
1667499958782 79.0 940
1667499958831 17.0 941
1667499958919 37.0 942
1667499958970 20.0 943
1667499959154 80.0 944
1667499959191 13.0 945
1667499959239 19.0 946
1667499959401 70.0 947
1667499959481 32.0 948
1667499959509 10.0 949
1667499959689 77.0 950
1667499959867 77.0 951
1667499960076 90.0 952
1667499960162 36.0 953
1667499960221 23.0 954
1667499960286 26.0 955
1667499960334 18.0 956
1667499960415 33.0 957
1667499960485 28.0 958
1667499960729 106.0 959
1667499960856 54.0 960
1667499960928 30.0 961
1667499960993 27.0 962
1667499961092 42.0 963
1667499961226 58.0 964
1667499961262 14.0 965
1667499961370 46.0 966
1667499961488 50.0 967
1667499961696 91.0 968
1667499961749 21.0 969
1667499961851 43.0 970
1667499961893 15.0 971
1667499961921 10.0 972
1667499961956 13.0 973
1667499962070 48.0 974
1667499962323 110.0 975
1667499962389 26.0 976
1667499962448 23.0 977
1667499962528 32.0 978
1667499962658 55.0 979
1667499962762 42.0 980
1667499962958 84.0 981
1667499963025 26.0 982
1667499963108 34.0 983
1667499963152 17.0 984
1667499963231 32.0 985
1667499963415 79.0 986
1667499963573 68.0 987
1667499963624 20.0 988
1667499963700 32.0 989
1667499963769 28.0 990
1667499963816 19.0 991
1667499963888 28.0 992
1667499963927 15.0 993
1667499964034 45.0 994
1667499964100 27.0 995
1667499964179 33.0 996
1667499964435 115.0 997
1667499964679 105.0 998
1667499964736 22.0 999
1667499964825 36.0 1000
1667499964973 65.0 1001
1667499965140 74.0 1002
1667499965184 17.0 1003
1667499965247 26.0 1004
1667499965416 74.0 1005
1667499965510 39.0 1006
1667499965578 28.0 1007
1667499965739 62.0 1008
1667499965868 55.0 1009
1667499965975 45.0 1010
1667499966030 22.0 1011
1667499966126 41.0 1012
1667499966258 55.0 1013
1667499966347 37.0 1014
1667499966422 31.0 1015
1667499966472 20.0 1016
1667499966529 23.0 1017
1667499966724 86.0 1018
1667499966908 80.0 1019
1667499967313 183.0 1020
1667499967414 41.0 1021
1667499967559 63.0 1022
1667499967667 45.0 1023
1667499967816 64.0 1024
1667499967941 53.0 1025
1667499967983 16.0 1026
1667499968157 77.0 1027
1667499968225 28.0 1028
1667499968309 36.0 1029
1667499968359 20.0 1030
1667499968437 33.0 1031
1667499968498 25.0 1032
1667499968624 54.0 1033
1667499968684 24.0 1034
1667499968748 26.0 1035
1667499968884 59.0 1036
1667499969150 116.0 1037
1667499969209 22.0 1038
1667499969308 40.0 1039
1667499969374 26.0 1040
1667499969481 47.0 1041
1667499969663 79.0 1042
1667499969750 36.0 1043
1667499970046 131.0 1044
1667499970167 52.0 1045
1667499970207 14.0 1046
1667499970287 34.0 1047
1667499970563 120.0 1048
1667499970662 42.0 1049
1667499970717 21.0 1050
1667499970878 69.0 1051
1667499970969 37.0 1052
1667499971160 82.0 1053
1667499971270 46.0 1054
1667499971562 128.0 1055
1667499971777 91.0 1056
1667499971824 17.0 1057
1667499971871 18.0 1058
1667499971916 18.0 1059
1667499971971 22.0 1060
1667499972063 39.0 1061
1667499972217 65.0 1062
1667499972338 52.0 1063
1667499972374 13.0 1064
1667499972413 15.0 1065
1667499972494 34.0 1066
1667499972524 10.0 1067
1667499972769 109.0 1068
1667499972831 24.0 1069
1667499972936 44.0 1070
1667499972994 22.0 1071
1667499973060 27.0 1072
1667499973131 28.0 1073
1667499973219 37.0 1074
1667499973478 114.0 1075
1667499973709 99.0 1076
1667499973889 78.0 1077
1667499973956 28.0 1078
1667499974034 32.0 1079
1667499974060 9.0 1080
1667499974206 64.0 1081
1667499974319 50.0 1082
1667499974421 36.0 1083
1667499974646 84.0 1084
1667499974693 18.0 1085
1667499974950 114.0 1086
1667499975236 120.0 1087
1667499975326 37.0 1088
1667499975390 26.0 1089
1667499975432 16.0 1090
1667499975490 23.0 1091
1667499975539 19.0 1092
1667499975633 39.0 1093
1667499975678 18.0 1094
1667499975781 43.0 1095
1667499975975 84.0 1096
1667499976061 37.0 1097
1667499976217 65.0 1098
1667499976265 19.0 1099
1667499976407 62.0 1100
1667499976605 86.0 1101
1667499976911 136.0 1102
1667499977095 80.0 1103
1667499977171 30.0 1104
1667499977215 16.0 1105
1667499977401 83.0 1106
1667499977480 33.0 1107
1667499977520 15.0 1108
1667499977714 87.0 1109
1667499977772 23.0 1110
1667499977914 64.0 1111
1667499978251 152.0 1112
1667499978414 70.0 1113
1667499978441 9.0 1114
1667499978476 13.0 1115
1667499978522 19.0 1116
1667499978719 89.0 1117
1667499978803 34.0 1118
1667499978995 84.0 1119
1667499979032 14.0 1120
1667499979321 127.0 1121
1667499979608 129.0 1122
1667499979992 173.0 1123
1667499980149 69.0 1124
1667499980299 64.0 1125
1667499980343 16.0 1126
1667499980528 81.0 1127
1667499980650 51.0 1128
1667499980782 56.0 1129
1667499980911 55.0 1130
1667499980960 19.0 1131
1667499981012 20.0 1132
1667499981315 133.0 1133
1667499981498 79.0 1134
1667499981576 31.0 1135
1667499981694 45.0 1136
1667499982012 139.0 1137
1667499982154 61.0 1138
1667499982283 56.0 1139
1667499982503 98.0 1140
1667499982583 33.0 1141
1667499982787 89.0 1142
1667499983033 110.0 1143
1667499983111 31.0 1144
1667499983296 80.0 1145
1667499983438 60.0 1146
1667499983598 68.0 1147
1667499983653 21.0 1148
1667499983732 32.0 1149
1667499983798 26.0 1150
1667499983869 31.0 1151
1667499984008 60.0 1152
1667499984084 33.0 1153
1667499984127 16.0 1154
1667499984284 70.0 1155
1667499984380 40.0 1156
1667499984482 44.0 1157
1667499984663 81.0 1158
1667499984750 37.0 1159
1667499984868 51.0 1160
1667499985127 116.0 1161
1667499985167 15.0 1162
1667499985275 47.0 1163
1667499985395 54.0 1164
1667499985618 102.0 1165
1667499985756 61.0 1166
1667499985873 51.0 1167
1667499985951 33.0 1168
1667499986034 34.0 1169
1667499986120 36.0 1170
1667499986393 124.0 1171
1667499986445 20.0 1172
1667499986544 42.0 1173
1667499986610 27.0 1174
1667499986747 60.0 1175
1667499986863 50.0 1176
1667499986925 25.0 1177
1667499987043 51.0 1178
1667499987184 62.0 1179
1667499987514 147.0 1180
1667499987697 81.0 1181
1667499987869 75.0 1182
1667499987953 35.0 1183
1667499987988 13.0 1184
1667499988044 22.0 1185
1667499988169 55.0 1186
1667499988455 127.0 1187
1667499988616 68.0 1188
1667499988675 22.0 1189
1667499988868 82.0 1190
1667499989057 80.0 1191
1667499989255 86.0 1192
1667499989436 79.0 1193
1667499989498 24.0 1194
1667499989533 13.0 1195
1667499989662 56.0 1196
1667499989886 97.0 1197
1667499990046 68.0 1198
1667499990114 28.0 1199
1667499990444 139.0 1200
1667499990673 100.0 1201
1667499990818 61.0 1202
1667499990924 45.0 1203
1667499991053 54.0 1204
1667499991433 170.0 1205
1667499991800 160.0 1206
1667499991895 39.0 1207
1667499992112 96.0 1208
1667499992417 134.0 1209
1667499992694 124.0 1210
1667499992948 112.0 1211
1667499993168 98.0 1212
1667499993363 82.0 1213
1667499993648 128.0 1214
1667499993861 94.0 1215
1667499994165 138.0 1216
1667499994245 33.0 1217
1667499994502 118.0 1218
1667499994818 146.0 1219
1667499994854 13.0 1220
1667499994937 37.0 1221
1667499994985 19.0 1222
1667499995135 68.0 1223
1667499995166 11.0 1224
1667499995304 61.0 1225
1667499995525 98.0 1226
1667499995773 111.0 1227
1667499995808 13.0 1228
1667499996115 138.0 1229
1667499996217 43.0 1230
1667499996408 84.0 1231
1667499996489 34.0 1232
1667499996786 135.0 1233
1667499996887 43.0 1234
1667499997112 101.0 1235
1667499997307 87.0 1236
1667499997437 57.0 1237
1667499997678 108.0 1238
1667499997725 18.0 1239
1667499997763 14.0 1240
1667499997888 55.0 1241
1667499997961 31.0 1242
1667499998180 97.0 1243
1667499998276 40.0 1244
1667499998531 116.0 1245
1667499998599 28.0 1246
1667499998647 20.0 1247
1667499998828 80.0 1248
1667499999031 88.0 1249
1667499999281 109.0 1250
1667499999571 122.0 1251
1667499999752 78.0 1252
1667499999806 21.0 1253
1667499999915 47.0 1254
1667500000152 102.0 1255
1667500000495 149.0 1256
1667500000620 52.0 1257
1667500000818 85.0 1258
1667500001006 81.0 1259
1667500001059 21.0 1260
1667500001196 59.0 1261
1667500001373 74.0 1262
1667500001419 18.0 1263
1667500001559 60.0 1264
1667500001601 16.0 1265
1667500001847 108.0 1266
1667500001977 56.0 1267
1667500002091 48.0 1268
1667500002319 101.0 1269
1667500002562 106.0 1270
1667500002811 107.0 1271
1667500002906 39.0 1272
1667500003143 103.0 1273
1667500003387 106.0 1274
1667500003482 40.0 1275
1667500003559 31.0 1276
1667500003861 136.0 1277
1667500003949 37.0 1278
1667500004263 142.0 1279
1667500004321 23.0 1280
1667500004606 128.0 1281
1667500004644 14.0 1282
1667500004697 22.0 1283
1667500004727 11.0 1284
1667500005028 134.0 1285
1667500005640 282.0 1286
1667500005993 160.0 1287
1667500006065 28.0 1288
1667500006231 75.0 1289
1667500006326 40.0 1290
1667500006423 43.0 1291
1667500006531 46.0 1292
1667500006702 76.0 1293
1667500006908 91.0 1294
1667500007339 194.0 1295
1667500007463 52.0 1296
1667500007510 18.0 1297
1667500007710 89.0 1298
1667500007799 36.0 1299
1667500008103 131.0 1300
1667500008273 74.0 1301
1667500008476 89.0 1302
1667500008594 51.0 1303
1667500008650 23.0 1304
1667500008858 92.0 1305
1667500008985 56.0 1306
1667500009351 161.0 1307
1667500009610 112.0 1308
1667500009706 39.0 1309
1667500010291 247.0 1310
1667500010510 93.0 1311
1667500010952 194.0 1312
1667500011037 34.0 1313
1667500011090 20.0 1314
1667500011166 30.0 1315
1667500011361 82.0 1316
1667500011545 77.0 1317
1667500011840 129.0 1318
1667500012328 213.0 1319
1667500012615 123.0 1320
1667500012725 44.0 1321
1667500013043 141.0 1322
1667500013314 116.0 1323
1667500013785 199.0 1324
1667500014033 106.0 1325
1667500014202 72.0 1326
1667500014494 131.0 1327
1667500014842 154.0 1328
1667500014964 52.0 1329
1667500015143 72.0 1330
1667500015409 118.0 1331
1667500015671 116.0 1332
1667500016170 224.0 1333
1667500016809 288.0 1334
1667500016885 28.0 1335
1667500017150 117.0 1336
1667500017655 226.0 1337
1667500017875 95.0 1338
1667500018077 88.0 1339
1667500018165 37.0 1340
1667500018384 94.0 1341
1667500018774 174.0 1342
1667500018981 90.0 1343
1667500019215 101.0 1344
1667500019545 143.0 1345
1667500019713 71.0 1346
1667500019796 33.0 1347
1667500019893 40.0 1348
1667500020298 178.0 1349
1667500020557 110.0 1350
1667500020878 139.0 1351
1667500021364 213.0 1352
1667500021458 38.0 1353
1667500021610 66.0 1354
1667500021931 139.0 1355
1667500022377 195.0 1356
1667500022551 75.0 1357
1667500022810 110.0 1358
1667500023017 88.0 1359
1667500023247 100.0 1360
1667500023352 44.0 1361
1667500023626 122.0 1362
1667500023697 27.0 1363
1667500023768 29.0 1364
1667500024275 218.0 1365
1667500024753 217.0 1366
1667500025249 211.0 1367
1667500025665 173.0 1368
1667500025975 137.0 1369
1667500026313 147.0 1370
1667500026660 152.0 1371
1667500027025 164.0 1372
1667500027264 106.0 1373
1667500027687 184.0 1374
1667500027821 57.0 1375
1667500027966 62.0 1376
1667500028325 156.0 1377
1667500028678 155.0 1378
1667500028926 108.0 1379
1667500029300 163.0 1380
1667500029691 171.0 1381
1667500030128 189.0 1382
1667500030675 224.0 1383
1667500030937 98.0 1384
1667500031771 323.0 1385
1667500031908 58.0 1386
1667500032391 221.0 1387
1667500032637 109.0 1388
1667500032892 115.0 1389
1667500033331 208.0 1390
1667500033780 209.0 1391
1667500034060 128.0 1392
1667500034290 103.0 1393
1667500034820 246.0 1394
1667500034971 65.0 1395
1667500035135 74.0 1396
1667500035601 209.0 1397
1667500036101 216.0 1398
1667500036465 163.0 1399
1667500036765 138.0 1400
1667500036809 16.0 1401
1667500037130 146.0 1402
1667500037746 286.0 1403
1667500037954 91.0 1404
1667500038353 186.0 1405
1667500038608 115.0 1406
1667500038954 159.0 1407
1667500039346 180.0 1408
1667500039595 112.0 1409
1667500040051 211.0 1410
1667500040344 135.0 1411
1667500040582 108.0 1412
1667500040982 177.0 1413
1667500041258 122.0 1414
1667500041583 148.0 1415
1667500041924 146.0 1416
1667500042236 147.0 1417
1667500042515 130.0 1418
1667500043183 309.0 1419
1667500043680 225.0 1420
1667500044333 292.0 1421
1667500044502 75.0 1422
1667500044861 159.0 1423
1667500045233 159.0 1424
1667500046015 355.0 1425
1667500046326 141.0 1426
1667500046816 222.0 1427
1667500047068 109.0 1428
1667500047440 168.0 1429
1667500047888 206.0 1430
1667500048180 132.0 1431
1667500048599 192.0 1432
1667500048931 151.0 1433
1667500049507 252.0 1434
1667500049845 148.0 1435
1667500050464 276.0 1436
1667500050594 55.0 1437
1667500050863 121.0 1438
1667500051096 107.0 1439
1667500051691 269.0 1440
1667500052272 265.0 1441
1667500052538 119.0 1442
1667500052768 104.0 1443
1667500053140 171.0 1444
1667500053628 228.0 1445
1667500053902 119.0 1446
1667500054204 124.0 1447
1667500054561 151.0 1448
1667500054943 154.0 1449
1667500055348 168.0 1450
1667500055958 270.0 1451
1667500056222 111.0 1452
1667500056526 131.0 1453
1667500056969 174.0 1454
1667500058046 500.0 1455
1667500058144 33.0 1456
1667500058436 126.0 1457
1667500058621 82.0 1458
1667500059001 170.0 1459
1667500059035 12.0 1460
1667500059360 136.0 1461
1667500059725 139.0 1462
1667500060019 133.0 1463
1667500060294 124.0 1464
1667500060729 200.0 1465
1667500061017 133.0 1466
1667500061287 124.0 1467
1667500061320 12.0 1468
1667500061762 210.0 1469
1667500062103 158.0 1470
1667500062536 205.0 1471
1667500062928 180.0 1472
1667500063311 177.0 1473
1667500063592 127.0 1474
1667500063730 60.0 1475
1667500064093 172.0 1476
1667500064315 103.0 1477
1667500064394 33.0 1478
1667500064846 218.0 1479
1667500065211 159.0 1480
1667500065863 292.0 1481
1667500066313 203.0 1482
1667500066860 249.0 1483
1667500067198 155.0 1484
1667500067251 22.0 1485
1667500067817 257.0 1486
1667500068353 247.0 1487
1667500068901 251.0 1488
1667500069238 155.0 1489
1667500069681 172.0 1490
1667500070106 198.0 1491
1667500070476 173.0 1492
1667500070591 51.0 1493
1667500070935 159.0 1494
1667500071267 155.0 1495
1667500071630 169.0 1496
1667500071984 163.0 1497
1667500072449 217.0 1498
1667500072749 138.0 1499
1667500073359 284.0 1500
1667500073502 63.0 1501
1667500073868 171.0 1502
1667500074252 171.0 1503
1667500074644 185.0 1504
1667500074791 66.0 1505
1667500075457 315.0 1506
1667500075802 161.0 1507
1667500076405 283.0 1508
1667500077171 360.0 1509
1667500077648 220.0 1510
1667500077997 161.0 1511
1667500078436 202.0 1512
1667500078691 117.0 1513
1667500079364 320.0 1514
1667500079790 139.0 1515
1667500080144 166.0 1516
1667500080452 145.0 1517
1667500080861 193.0 1518
1667500081165 140.0 1519
1667500081733 272.0 1520
1667500082167 203.0 1521
1667500082753 271.0 1522
1667500083138 172.0 1523
1667500083504 169.0 1524
1667500083741 104.0 1525
1667500084021 115.0 1526
1667500084418 185.0 1527
1667500084740 148.0 1528
1667500085068 146.0 1529
1667500085305 109.0 1530
1667500085599 131.0 1531
1667500085976 160.0 1532
1667500086334 167.0 1533
1667500086591 119.0 1534
1667500086919 134.0 1535
1667500086986 27.0 1536
1667500087319 150.0 1537
1667500087615 132.0 1538
1667500088201 272.0 1539
1667500088589 168.0 1540
1667500088782 84.0 1541
1667500088849 28.0 1542
1667500089260 193.0 1543
1667500089684 184.0 1544
1667500090002 141.0 1545
1667500090312 142.0 1546
1667500090622 143.0 1547
1667500090924 133.0 1548
1667500091274 162.0 1549
1667500091344 29.0 1550
1667500091618 128.0 1551
1667500092104 231.0 1552
1667500092436 155.0 1553
1667500092778 153.0 1554
1667500093114 150.0 1555
1667500093398 131.0 1556
1667500093815 194.0 1557
1667500094157 156.0 1558
1667500094416 119.0 1559
1667500094681 118.0 1560
1667500095110 190.0 1561
1667500095498 148.0 1562
1667500095783 135.0 1563
1667500096084 130.0 1564
1667500096385 135.0 1565
1667500096703 145.0 1566
1667500096903 86.0 1567
1667500097371 215.0 1568
1667500097660 130.0 1569
1667500098023 150.0 1570
1667500098315 133.0 1571
1667500098768 207.0 1572
1667500099003 105.0 1573
1667500099319 142.0 1574
1667500099661 155.0 1575
1667500100045 167.0 1576
1667500100359 148.0 1577
1667500100688 152.0 1578
1667500100964 128.0 1579
1667500101322 160.0 1580
1667500101708 181.0 1581
1667500102017 143.0 1582
1667500102383 170.0 1583
1667500102844 206.0 1584
1667500103163 145.0 1585
1667500103568 188.0 1586
1667500103903 146.0 1587
1667500104127 104.0 1588
1667500104480 166.0 1589
1667500104763 133.0 1590
1667500105116 168.0 1591
1667500105460 150.0 1592
1667500105723 122.0 1593
1667500106027 141.0 1594
1667500106412 171.0 1595
1667500106912 222.0 1596
1667500107297 174.0 1597
1667500107799 233.0 1598
1667500108289 206.0 1599
1667500108813 235.0 1600
1667500109132 142.0 1601
1667500109482 163.0 1602
1667500109935 217.0 1603
1667500110298 171.0 1604
1667500110636 160.0 1605
1667500110982 159.0 1606
1667500111317 148.0 1607
1667500111672 162.0 1608
1667500112357 319.0 1609
1667500112676 149.0 1610
1667500113089 184.0 1611
1667500113372 123.0 1612
1667500113757 175.0 1613
1667500114279 231.0 1614
1667500114369 36.0 1615
1667500114723 155.0 1616
1667500115117 182.0 1617
1667500115656 250.0 1618
1667500115942 134.0 1619
1667500116502 257.0 1620
1667500117024 236.0 1621
1667500117360 151.0 1622
1667500117948 271.0 1623
1667500118363 186.0 1624
1667500118812 205.0 1625
1667500119316 231.0 1626
1667500120006 311.0 1627
1667500120326 146.0 1628
1667500120826 234.0 1629
1667500121315 228.0 1630
1667500121642 150.0 1631
1667500122357 338.0 1632
1667500122713 164.0 1633
1667500123788 500.0 1634
1667500124443 296.0 1635
1667500124819 174.0 1636
1667500125305 223.0 1637
1667500125658 161.0 1638
1667500126032 173.0 1639
1667500126655 287.0 1640
1667500127569 417.0 1641
1667500128036 213.0 1642
1667500128304 118.0 1643
1667500128554 113.0 1644
1667500129203 271.0 1645
1667500129729 200.0 1646
1667500130444 329.0 1647
1667500130979 246.0 1648
1667500131517 253.0 1649
1667500132150 301.0 1650
1667500133072 426.0 1651
1667500133394 130.0 1652
1667500133458 25.0 1653
1667500133848 185.0 1654
1667500134542 313.0 1655
1667500135078 246.0 1656
1667500135716 293.0 1657
1667500136071 162.0 1658
1667500136404 159.0 1659
1667500137026 293.0 1660
1667500137569 255.0 1661
1667500137963 180.0 1662
1667500138396 206.0 1663
1667500139046 298.0 1664
1667500139586 238.0 1665
1667500140453 378.0 1666
1667500140731 126.0 1667
1667500141064 152.0 1668
1667500141525 217.0 1669
1667500141951 199.0 1670
1667500142659 336.0 1671
1667500143185 233.0 1672
1667500143814 297.0 1673
1667500144873 500.0 1674
1667500145276 181.0 1675
1667500146033 355.0 1676
1667500146901 397.0 1677
1667500147065 70.0 1678
1667500147583 248.0 1679
1667500148100 244.0 1680
1667500148854 355.0 1681
1667500149459 283.0 1682
1667500150084 297.0 1683
1667500150419 155.0 1684
1667500150932 238.0 1685
1667500151643 330.0 1686
1667500152000 166.0 1687
1667500152536 250.0 1688
1667500152863 150.0 1689
1667500153192 151.0 1690
1667500153945 345.0 1691
1667500154371 197.0 1692
1667500154922 245.0 1693
1667500155369 211.0 1694
1667500156267 415.0 1695
1667500156630 162.0 1696
1667500157132 231.0 1697
1667500157599 216.0 1698
1667500158014 194.0 1699
1667500158755 321.0 1700
1667500159340 271.0 1701
1667500159785 205.0 1702
1667500160279 231.0 1703
1667500161120 376.0 1704
1667500161764 291.0 1705
1667500162123 155.0 1706
1667500162641 231.0 1707
1667500163456 349.0 1708
1667500163896 206.0 1709
1667500164945 500.0 1710
1667500166006 500.0 1711
1667500166853 369.0 1712
1667500167438 264.0 1713
1667500168156 301.0 1714
1667500168461 134.0 1715
1667500168957 224.0 1716
1667500169539 261.0 1717
1667500170640 500.0 1718
1667500170986 153.0 1719
1667500171660 314.0 1720
1667500172157 216.0 1721
1667500172746 239.0 1722
1667500173347 259.0 1723
1667500173808 200.0 1724
1667500174266 202.0 1725
1667500174999 339.0 1726
1667500176049 489.0 1727
1667500176259 90.0 1728
1667500176943 315.0 1729
1667500177189 109.0 1730
1667500177796 274.0 1731
1667500178116 143.0 1732
1667500178528 187.0 1733
1667500179139 276.0 1734
1667500179773 282.0 1735
1667500180651 373.0 1736
1667500181462 372.0 1737
1667500182437 440.0 1738
1667500182834 165.0 1739
1667500183313 222.0 1740
1667500183972 312.0 1741
1667500184379 189.0 1742
1667500184785 192.0 1743
1667500185184 180.0 1744
1667500185609 173.0 1745
1667500186254 276.0 1746
1667500186885 260.0 1747
1667500187352 208.0 1748
1667500188446 493.0 1749
1667500189037 259.0 1750
1667500189520 214.0 1751
1667500190264 328.0 1752
1667500190878 271.0 1753
1667500191303 186.0 1754
1667500191993 309.0 1755
1667500193094 500.0 1756
1667500194224 500.0 1757
1667500194760 234.0 1758
1667500195094 147.0 1759
1667500195507 173.0 1760
1667500196375 396.0 1761
1667500197232 381.0 1762
1667500197882 282.0 1763
1667500198641 344.0 1764
1667500199450 367.0 1765
1667500200144 311.0 1766
1667500200957 361.0 1767
1667500201390 191.0 1768
1667500201850 208.0 1769
1667500202317 211.0 1770
1667500203023 304.0 1771
1667500203564 239.0 1772
1667500204044 213.0 1773
1667500204804 344.0 1774
1667500205384 241.0 1775
1667500206358 431.0 1776
1667500206505 61.0 1777
1667500207519 462.0 1778
1667500207989 218.0 1779
1667500208389 184.0 1780
1667500209009 292.0 1781
1667500210083 459.0 1782
1667500210462 169.0 1783
1667500211087 288.0 1784
1667500211458 167.0 1785
1667500211891 196.0 1786
1667500212413 238.0 1787
1667500212999 273.0 1788
1667500214062 500.0 1789
1667500214987 438.0 1790
1667500215309 145.0 1791
1667500215857 264.0 1792
1667500216589 349.0 1793
1667500217634 500.0 1794
1667500218296 306.0 1795
1667500219341 500.0 1796
1667500219935 238.0 1797
1667500220526 281.0 1798
1667500221401 413.0 1799
1667500222445 500.0 1800
1667500223251 386.0 1801
1667500223842 285.0 1802
1667500224238 189.0 1803
1667500224733 238.0 1804
1667500225786 500.0 1805
1667500225982 84.0 1806
1667500226269 135.0 1807
1667500227233 456.0 1808
1667500227848 290.0 1809
1667500228608 356.0 1810
1667500229259 302.0 1811
1667500229817 221.0 1812
1667500230600 366.0 1813
1667500231682 500.0 1814
1667500232764 500.0 1815
1667500233446 323.0 1816
1667500234076 300.0 1817
1667500234462 182.0 1818
1667500235200 359.0 1819
1667500236171 454.0 1820
1667500237212 500.0 1821
1667500238253 500.0 1822
1667500238856 280.0 1823
1667500239468 288.0 1824
1667500240162 291.0 1825
1667500240844 328.0 1826
1667500241890 500.0 1827
1667500242879 473.0 1828
1667500243430 257.0 1829
1667500244095 313.0 1830
1667500244995 424.0 1831
1667500245504 243.0 1832
1667500245865 168.0 1833
1667500246553 321.0 1834
1667500247113 263.0 1835
1667500247690 271.0 1836
1667500248196 236.0 1837
1667500249233 500.0 1838
1667500249792 219.0 1839
1667500250170 176.0 1840
1667500250661 229.0 1841
1667500251140 227.0 1842
1667500252184 500.0 1843
1667500253256 500.0 1844
1667500254319 500.0 1845
1667500254651 149.0 1846
1667500255689 500.0 1847
1667500256052 164.0 1848
1667500256523 223.0 1849
1667500256905 181.0 1850
1667500257949 500.0 1851
1667500258515 263.0 1852
1667500259085 265.0 1853
1667500259129 16.0 1854
1667500259942 351.0 1855
1667500260541 275.0 1856
1667500261586 500.0 1857
1667500262143 262.0 1858
1667500263186 500.0 1859
1667500263345 67.0 1860
1667500264074 354.0 1861
1667500265111 500.0 1862
1667500266169 500.0 1863
1667500267106 443.0 1864
1667500267760 311.0 1865
1667500268345 275.0 1866
1667500268814 219.0 1867
1667500269366 262.0 1868
1667500270508 500.0 1869
1667500270878 168.0 1870
1667500271314 202.0 1871
1667500272144 388.0 1872
1667500272987 399.0 1873
1667500274053 500.0 1874
1667500275153 500.0 1875
1667500276235 500.0 1876
1667500277287 500.0 1877
1667500277613 150.0 1878
1667500278666 500.0 1879
1667500279316 307.0 1880
1667500280221 375.0 1881
1667500281249 486.0 1882
1667500282023 359.0 1883
1667500282600 270.0 1884
1667500283478 414.0 1885
1667500284488 478.0 1886
1667500285553 500.0 1887
1667500286262 334.0 1888
1667500287326 500.0 1889
1667500288173 403.0 1890
1667500289221 495.0 1891
1667500290378 500.0 1892
1667500291433 500.0 1893
1667500292486 500.0 1894
1667500293553 500.0 1895
1667500294604 500.0 1896
1667500295172 247.0 1897
1667500296212 500.0 1898
1667500297270 500.0 1899
1667500297765 228.0 1900
1667500298811 500.0 1901
1667500299671 357.0 1902
1667500300779 500.0 1903
1667500301837 500.0 1904
1667500302875 500.0 1905
1667500303361 229.0 1906
1667500304398 500.0 1907
1667500305206 388.0 1908
1667500305990 356.0 1909
1667500306904 422.0 1910
1667500307988 500.0 1911
1667500308133 59.0 1912
1667500309032 430.0 1913
1667500310161 500.0 1914
1667500311211 500.0 1915
1667500311635 197.0 1916
1667500312317 329.0 1917
1667500312931 290.0 1918
1667500313358 195.0 1919
1667500313558 89.0 1920
1667500314486 439.0 1921
1667500315539 500.0 1922
1667500316606 495.0 1923
1667500317670 500.0 1924
1667500317944 124.0 1925
1667500318122 82.0 1926
1667500318844 346.0 1927
1667500319952 500.0 1928
1667500320518 267.0 1929
1667500321567 500.0 1930
1667500322550 469.0 1931
1667500323609 500.0 1932
1667500324481 407.0 1933
1667500325016 250.0 1934
1667500325569 268.0 1935
1667500326613 500.0 1936
1667500327448 395.0 1937
1667500328022 269.0 1938
1667500328871 404.0 1939
1667500330018 500.0 1940
1667500330676 302.0 1941
1667500331334 311.0 1942
1667500332165 393.0 1943
1667500332848 321.0 1944
1667500333123 125.0 1945
1667500334181 500.0 1946
1667500335262 500.0 1947
1667500336359 500.0 1948
1667500337230 413.0 1949
1667500338048 385.0 1950
1667500339154 500.0 1951
1667500340315 500.0 1952
1667500341372 500.0 1953
1667500342118 341.0 1954
1667500343182 500.0 1955
1667500343830 302.0 1956
1667500344878 500.0 1957
1667500345924 500.0 1958
1667500346849 443.0 1959
1667500347742 435.0 1960
1667500348812 500.0 1961
1667500349836 448.0 1962
1667500350828 482.0 1963
1667500351888 500.0 1964
1667500352780 409.0 1965
1667500353616 389.0 1966
1667500354665 500.0 1967
1667500355713 500.0 1968
1667500356775 500.0 1969
1667500357845 500.0 1970
1667500358591 357.0 1971
1667500359743 500.0 1972
1667500360797 500.0 1973
1667500361789 477.0 1974
1667500361896 43.0 1975
1667500362844 460.0 1976
1667500363914 500.0 1977
1667500364663 358.0 1978
1667500365509 399.0 1979
1667500366575 500.0 1980
1667500367643 500.0 1981
1667500368384 349.0 1982
1667500369432 500.0 1983
1667500370067 255.0 1984
1667500371001 441.0 1985
1667500371630 291.0 1986
1667500372293 314.0 1987
1667500373051 356.0 1988
1667500374103 500.0 1989
1667500374749 300.0 1990
1667500375804 500.0 1991
1667500376936 500.0 1992
1667500378040 500.0 1993
1667500379170 500.0 1994
1667500380461 500.0 1995
1667500380885 193.0 1996
1667500381951 500.0 1997
1667500383036 500.0 1998
1667500383634 264.0 1999
1667500384241 251.0 2000
1667500385327 500.0 2001
1667500386248 382.0 2002
1667500387369 500.0 2003
1667500387575 82.0 2004
1667500388188 270.0 2005
1667500388956 336.0 2006
1667500390092 500.0 2007
1667500390704 266.0 2008
1667500390947 102.0 2009
1667500392072 500.0 2010
1667500393209 500.0 2011
1667500394340 500.0 2012
1667500395445 500.0 2013
1667500396229 350.0 2014
1667500397329 500.0 2015
1667500398447 500.0 2016
1667500399585 500.0 2017
1667500400715 500.0 2018
1667500401560 374.0 2019
1667500402137 255.0 2020
1667500403289 500.0 2021
1667500404405 500.0 2022
1667500405505 500.0 2023
1667500406604 500.0 2024
1667500407710 500.0 2025
1667500408665 426.0 2026
1667500409781 490.0 2027
1667500410937 500.0 2028
1667500412007 462.0 2029
1667500413135 500.0 2030
1667500414237 500.0 2031
1667500415331 500.0 2032
1667500415854 235.0 2033
1667500416971 500.0 2034
1667500417685 320.0 2035
1667500418791 500.0 2036
1667500419949 500.0 2037
1667500421078 500.0 2038
1667500422230 500.0 2039
1667500423382 500.0 2040
1667500424510 500.0 2041
1667500425117 267.0 2042
1667500426252 500.0 2043
1667500427370 500.0 2044
1667500428497 500.0 2045
1667500429624 500.0 2046
1667500430749 500.0 2047
1667500431873 500.0 2048
1667500433020 500.0 2049
1667500434137 500.0 2050
1667500435248 500.0 2051
1667500436354 500.0 2052
1667500437499 500.0 2053
1667500438565 471.0 2054
1667500439266 306.0 2055
1667500440407 500.0 2056
1667500441579 500.0 2057
1667500442681 500.0 2058
1667500443772 500.0 2059
1667500444564 367.0 2060
1667500445651 500.0 2061
1667500446740 500.0 2062
1667500447898 500.0 2063
1667500448285 164.0 2064
1667500449396 500.0 2065
1667500450509 500.0 2066
1667500451629 500.0 2067
1667500452778 500.0 2068
1667500453910 500.0 2069
1667500454580 298.0 2070
1667500455708 500.0 2071
1667500456822 500.0 2072
1667500457921 500.0 2073
1667500459060 500.0 2074
1667500460232 500.0 2075
1667500461368 500.0 2076
1667500462492 500.0 2077
1667500463559 480.0 2078
1667500464687 500.0 2079
1667500465803 500.0 2080
1667500466910 500.0 2081
1667500468056 500.0 2082
1667500469139 500.0 2083
1667500470172 443.0 2084
1667500471349 500.0 2085
1667500472382 455.0 2086
1667500473512 500.0 2087
1667500474627 500.0 2088
1667500475361 325.0 2089
1667500476471 500.0 2090
1667500477263 358.0 2091
1667500478314 477.0 2092
1667500479422 500.0 2093
1667500480557 479.0 2094
1667500481651 500.0 2095
1667500482771 500.0 2096
1667500483520 337.0 2097
1667500484435 424.0 2098
1667500485529 500.0 2099
1667500486469 415.0 2100
1667500487627 500.0 2101
1667500488710 500.0 2102
1667500490802 500.0 2103
1667500492365 500.0 2104
1667500493458 500.0 2105
1667500494534 500.0 2106
1667500495382 381.0 2107
1667500496488 500.0 2108
1667500497317 204.0 2109
1667500498235 321.0 2110
1667500499335 500.0 2111
1667500500213 349.0 2112
1667500501343 500.0 2113
1667500502427 500.0 2114
1667500503433 465.0 2115
1667500504522 500.0 2116
1667500505237 318.0 2117
1667500506750 500.0 2118
1667500507399 298.0 2119
1667500508525 500.0 2120
1667500509676 500.0 2121
1667500510711 474.0 2122
1667500511787 500.0 2123
1667500513122 500.0 2124
1667500513878 345.0 2125
1667500514981 500.0 2126
1667500516084 500.0 2127
1667500517176 500.0 2128
1667500518312 500.0 2129
1667500519439 500.0 2130
1667500520644 500.0 2131
1667500521729 500.0 2132
1667500522482 322.0 2133
1667500523562 500.0 2134
1667500524635 500.0 2135
1667500525710 500.0 2136
1667500526857 500.0 2137
1667500527953 500.0 2138
1667500529035 500.0 2139
1667500529705 267.0 2140
1667500530437 347.0 2141
1667500531322 422.0 2142
1667500532375 500.0 2143
1667500533431 500.0 2144
1667500534488 500.0 2145
1667500534952 214.0 2146
1667500535987 500.0 2147
1667500536710 342.0 2148
1667500537354 309.0 2149
1667500538392 500.0 2150
1667500539403 488.0 2151
1667500540528 500.0 2152
1667500540767 108.0 2153
1667500541495 356.0 2154
1667500542170 326.0 2155
1667500543203 500.0 2156
1667500544247 500.0 2157
1667500545311 500.0 2158
1667500546384 500.0 2159
1667500547188 377.0 2160
1667500547511 148.0 2161
1667500548371 410.0 2162
1667500549435 500.0 2163
1667500550100 268.0 2164
1667500551171 500.0 2165
1667500552234 500.0 2166
1667500553094 405.0 2167
1667500553915 393.0 2168
1667500554983 500.0 2169
1667500555653 314.0 2170
1667500556362 340.0 2171
1667500557346 468.0 2172
1667500557933 274.0 2173
1667500558978 500.0 2174
1667500559479 230.0 2175
1667500560584 500.0 2176
1667500561626 500.0 2177
1667500562669 500.0 2178
1667500563704 500.0 2179
1667500564729 485.0 2180
1667500565408 316.0 2181
1667500566508 500.0 2182
1667500567566 500.0 2183
1667500568229 308.0 2184
1667500569096 416.0 2185
1667500570221 500.0 2186
1667500571297 500.0 2187
1667500572464 500.0 2188
1667500573139 304.0 2189
1667500574225 500.0 2190
1667500575394 500.0 2191
1667500576456 500.0 2192
1667500577545 500.0 2193
1667500578664 500.0 2194
1667500579809 500.0 2195
1667500580918 500.0 2196
1667500581900 424.0 2197
1667500583111 500.0 2198
1667500584205 500.0 2199
1667500585299 500.0 2200
1667500586409 500.0 2201
1667500587518 500.0 2202
1667500588640 500.0 2203
1667500588742 37.0 2204
1667500589387 264.0 2205
1667500590500 500.0 2206
1667500591330 331.0 2207
1667500592486 496.0 2208
1667500593349 402.0 2209
1667500594394 500.0 2210
1667500595484 500.0 2211
1667500596574 500.0 2212
1667500597358 365.0 2213
1667500598418 500.0 2214
1667500599504 500.0 2215
1667500600574 500.0 2216
1667500601640 500.0 2217
1667500602702 500.0 2218
1667500603763 500.0 2219
1667500604822 500.0 2220
1667500605909 500.0 2221
1667500606945 500.0 2222
1667500607989 468.0 2223
1667500609055 500.0 2224
1667500610124 500.0 2225
1667500611190 500.0 2226
1667500612262 500.0 2227
1667500613317 500.0 2228
1667500614361 500.0 2229
1667500615413 500.0 2230
1667500616473 500.0 2231
1667500617523 500.0 2232
1667500618592 500.0 2233
1667500619601 470.0 2234
1667500620674 500.0 2235
1667500621754 500.0 2236
1667500622731 450.0 2237
1667500623805 500.0 2238
1667500624858 500.0 2239
1667500625925 500.0 2240
1667500626999 500.0 2241
1667500628093 500.0 2242
1667500629204 500.0 2243
1667500630302 500.0 2244
1667500631397 500.0 2245
1667500632466 500.0 2246
1667500633079 278.0 2247
1667500634170 500.0 2248
1667500635239 500.0 2249
1667500636314 500.0 2250
1667500637434 500.0 2251
1667500638509 500.0 2252
1667500639642 500.0 2253
1667500640735 500.0 2254
1667500641853 500.0 2255
1667500642963 500.0 2256
1667500644051 500.0 2257
1667500645149 500.0 2258
1667500646253 500.0 2259
1667500647352 500.0 2260
1667500648429 500.0 2261
1667500649510 500.0 2262
1667500650601 500.0 2263
1667500651678 500.0 2264
1667500652745 500.0 2265
1667500653801 500.0 2266
1667500654854 500.0 2267
1667500655799 453.0 2268
1667500656835 500.0 2269
1667500657642 375.0 2270
1667500658695 500.0 2271
1667500659761 500.0 2272
1667500660823 500.0 2273
1667500661711 416.0 2274
1667500662780 500.0 2275
1667500663283 234.0 2276
1667500664336 500.0 2277
1667500665412 500.0 2278
1667500666458 500.0 2279
1667500667428 456.0 2280
1667500668482 500.0 2281
1667500669531 500.0 2282
1667500670611 500.0 2283
1667500671506 431.0 2284
1667500672214 340.0 2285
1667500673267 500.0 2286
1667500674309 500.0 2287
1667500675378 500.0 2288
1667500676448 500.0 2289
1667500677518 500.0 2290
1667500678579 500.0 2291
1667500679654 500.0 2292
1667500680704 500.0 2293
1667500681756 500.0 2294
1667500682822 500.0 2295
1667500683861 500.0 2296
1667500684896 500.0 2297
1667500685935 500.0 2298
1667500686961 500.0 2299
1667500688019 500.0 2300
1667500689085 500.0 2301
1667500689932 403.0 2302
1667500690983 500.0 2303
1667500692058 500.0 2304
1667500693124 500.0 2305
1667500693782 312.0 2306
1667500694806 500.0 2307
1667500695686 422.0 2308
1667500696739 500.0 2309
1667500697815 500.0 2310
1667500698885 500.0 2311
1667500699968 500.0 2312
1667500701060 500.0 2313
1667500702172 500.0 2314
1667500702886 327.0 2315
1667500703939 500.0 2316
1667500705009 500.0 2317
1667500706107 500.0 2318
1667500707203 500.0 2319
1667500708329 500.0 2320
1667500709429 500.0 2321
1667500710574 500.0 2322
1667500711727 500.0 2323
1667500712817 500.0 2324
1667500713883 500.0 2325
1667500715006 500.0 2326
1667500716151 500.0 2327
1667500717251 500.0 2328
1667500718321 500.0 2329
1667500718887 257.0 2330
1667500719950 500.0 2331
1667500721087 500.0 2332
1667500722218 500.0 2333
1667500723288 500.0 2334
1667500724368 500.0 2335
1667500725460 500.0 2336
1667500726515 500.0 2337
1667500727560 500.0 2338
1667500728634 500.0 2339
1667500729695 500.0 2340
1667500730751 500.0 2341
1667500731819 500.0 2342
1667500732895 500.0 2343
1667500733839 431.0 2344
1667500734899 500.0 2345
1667500735969 500.0 2346
1667500737036 500.0 2347
1667500737685 302.0 2348
1667500738755 500.0 2349
1667500739703 444.0 2350
1667500740792 500.0 2351
1667500741904 500.0 2352
1667500743004 500.0 2353
1667500744077 500.0 2354
1667500745133 500.0 2355
1667500746234 500.0 2356
1667500747321 500.0 2357
1667500748439 500.0 2358
1667500749513 500.0 2359
1667500750576 500.0 2360
1667500751061 214.0 2361
1667500752192 500.0 2362
1667500753274 500.0 2363
1667500754352 500.0 2364
1667500755453 500.0 2365
1667500756538 500.0 2366
1667500757645 500.0 2367
1667500758728 500.0 2368
1667500759792 500.0 2369
1667500760864 500.0 2370
1667500761958 500.0 2371
1667500763035 500.0 2372
1667500764099 500.0 2373
1667500765193 500.0 2374
1667500766283 500.0 2375
1667500767399 500.0 2376
1667500768493 500.0 2377
1667500768891 174.0 2378
1667500770003 500.0 2379
1667500771070 500.0 2380
1667500772135 500.0 2381
1667500773279 500.0 2382
1667500774408 500.0 2383
1667500775517 500.0 2384
1667500776604 500.0 2385
1667500777555 441.0 2386
1667500778649 500.0 2387
1667500779738 500.0 2388
1667500780850 500.0 2389
1667500781939 500.0 2390
1667500783043 500.0 2391
1667500784130 500.0 2392
1667500785191 500.0 2393
1667500786267 500.0 2394
1667500786597 150.0 2395
1667500787700 500.0 2396
1667500788746 500.0 2397
1667500789258 193.0 2398
1667500790393 500.0 2399
1667500791644 500.0 2400
1667500792719 500.0 2401
1667500793780 500.0 2402
1667500794654 396.0 2403
1667500795759 500.0 2404
1667500796827 500.0 2405
1667500797903 500.0 2406
1667500798965 500.0 2407
1667500800062 500.0 2408
1667500801231 500.0 2409
1667500802319 500.0 2410
1667500803400 500.0 2411
1667500804474 500.0 2412
1667500805556 500.0 2413
1667500806655 500.0 2414
1667500807717 500.0 2415
1667500808751 500.0 2416
1667500809783 487.0 2417
1667500810766 458.0 2418
1667500811794 485.0 2419
1667500812465 315.0 2420
1667500813547 500.0 2421
1667500814485 439.0 2422
1667500815559 500.0 2423
1667500816699 500.0 2424
1667500817772 500.0 2425
1667500818866 500.0 2426
1667500819947 500.0 2427
1667500821025 500.0 2428
1667500822093 500.0 2429
1667500823157 500.0 2430
1667500824211 490.0 2431
1667500825270 500.0 2432
1667500826349 500.0 2433
1667500827101 335.0 2434
1667500828169 500.0 2435
1667500828868 319.0 2436
1667500829932 500.0 2437
1667500830995 500.0 2438
1667500832053 500.0 2439
1667500833105 500.0 2440
1667500834154 500.0 2441
1667500835009 405.0 2442
1667500835847 397.0 2443
1667500836856 465.0 2444
1667500837915 500.0 2445
1667500838949 500.0 2446
1667500839998 500.0 2447
1667500841066 500.0 2448
1667500842135 500.0 2449
1667500843169 489.0 2450
1667500844223 500.0 2451
1667500845298 500.0 2452
1667500846009 319.0 2453
1667500847102 500.0 2454
1667500848153 500.0 2455
1667500849218 500.0 2456
1667500850289 500.0 2457
1667500851372 500.0 2458
1667500852464 500.0 2459
1667500853513 500.0 2460
1667500854561 500.0 2461
1667500855608 500.0 2462
1667500856669 500.0 2463
1667500857717 500.0 2464
1667500858766 500.0 2465
1667500859165 179.0 2466
1667500860242 500.0 2467
1667500861322 500.0 2468
1667500862370 500.0 2469
1667500863450 500.0 2470
1667500864527 500.0 2471
1667500865609 500.0 2472
1667500866684 500.0 2473
1667500867732 500.0 2474
1667500868544 381.0 2475
1667500869606 500.0 2476
1667500870676 500.0 2477
1667500871726 500.0 2478
1667500872778 500.0 2479
1667500873264 230.0 2480
1667500874294 500.0 2481
1667500875343 499.0 2482
1667500876441 500.0 2483
1667500877487 500.0 2484
1667500878522 500.0 2485
1667500879567 500.0 2486
1667500880594 500.0 2487
1667500881649 500.0 2488
1667500882676 500.0 2489
1667500883702 500.0 2490
1667500884726 500.0 2491
1667500885799 500.0 2492
1667500886864 500.0 2493
1667500887924 500.0 2494
1667500888982 500.0 2495
1667500890048 500.0 2496
1667500891121 500.0 2497
1667500892181 500.0 2498
1667500893243 500.0 2499
1667500894278 500.0 2500
1667500895345 500.0 2501
1667500896421 500.0 2502
1667500897492 500.0 2503
1667500898540 500.0 2504
1667500899593 500.0 2505
1667500900654 500.0 2506
1667500901725 500.0 2507
1667500902762 500.0 2508
1667500903798 500.0 2509
1667500904838 500.0 2510
1667500905900 500.0 2511
1667500907032 500.0 2512
1667500908077 500.0 2513
1667500909120 500.0 2514
1667500910096 468.0 2515
1667500910570 221.0 2516
1667500911633 500.0 2517
1667500912675 500.0 2518
1667500913710 500.0 2519
1667500914773 500.0 2520
1667500915874 500.0 2521
1667500916966 500.0 2522
1667500918025 500.0 2523
1667500919080 500.0 2524
1667500920137 500.0 2525
1667500921197 500.0 2526
1667500922245 500.0 2527
1667500923311 500.0 2528
1667500924357 500.0 2529
1667500925409 500.0 2530
1667500926472 500.0 2531
1667500926991 242.0 2532
1667500928027 500.0 2533
1667500929081 500.0 2534
1667500930155 500.0 2535
1667500931203 500.0 2536
1667500932256 500.0 2537
1667500933300 500.0 2538
1667500934368 500.0 2539
1667500935465 500.0 2540
1667500936566 500.0 2541
1667500937681 500.0 2542
1667500937891 90.0 2543
1667500938788 413.0 2544
1667500939891 500.0 2545
1667500940982 500.0 2546
1667500942066 500.0 2547
1667500943124 500.0 2548
1667500944192 500.0 2549
1667500945268 500.0 2550
1667500946373 500.0 2551
1667500947463 500.0 2552
1667500948520 466.0 2553
1667500949578 500.0 2554
1667500950641 500.0 2555
1667500951726 500.0 2556
1667500952864 500.0 2557
1667500954082 500.0 2558
1667500955193 500.0 2559
1667500956298 500.0 2560
1667500957361 500.0 2561
1667500958463 500.0 2562
