1667499130819 17.0 0
1667499131150 28.0 1
1667499131323 17.0 2
1667499131364 13.0 3
1667499131533 61.0 4
1667499131565 11.0 5
1667499131603 15.0 6
1667499131670 28.0 7
1667499131705 13.0 8
1667499131760 23.0 9
1667499131802 17.0 10
1667499131837 13.0 11
1667499131885 19.0 12
1667499131931 18.0 13
1667499132007 32.0 14
1667499132036 11.0 15
1667499132062 9.0 16
1667499132141 35.0 17
1667499132175 13.0 18
1667499132238 28.0 19
1667499132294 13.0 20
1667499132332 14.0 21
1667499132418 38.0 22
1667499132450 11.0 23
1667499132629 82.0 24
1667499132678 19.0 25
1667499132711 13.0 26
1667499132763 21.0 27
1667499132797 12.0 28
1667499132844 19.0 29
1667499132881 14.0 30
1667499132931 19.0 31
1667499133020 39.0 32
1667499133060 16.0 33
1667499133098 15.0 34
1667499133155 23.0 35
1667499133193 14.0 36
1667499133266 30.0 37
1667499133299 12.0 38
1667499133382 35.0 39
1667499133424 16.0 40
1667499133502 35.0 41
1667499133556 22.0 42
1667499133646 41.0 43
1667499133781 61.0 44
1667499133822 17.0 45
1667499133878 24.0 46
1667499133948 30.0 47
1667499133990 17.0 48
1667499134057 29.0 49
1667499134120 27.0 50
1667499134200 35.0 51
1667499134244 15.0 52
1667499134290 18.0 53
1667499134327 13.0 54
1667499134449 52.0 55
1667499134490 15.0 56
1667499134519 11.0 57
1667499134599 34.0 58
1667499134631 12.0 59
1667499134668 15.0 60
1667499134717 20.0 61
1667499134756 13.0 62
1667499134817 25.0 63
1667499134860 16.0 64
1667499134895 14.0 65
1667499134923 11.0 66
1667499135001 34.0 67
