1667510460707 9.0 0
1667510460906 15.0 1
1667510461061 16.0 2
1667510461085 9.0 3
1667510461176 42.0 4
1667510461223 20.0 5
1667510461251 11.0 6
1667510461313 27.0 7
1667510461362 20.0 8
1667510461524 74.0 9
1667510461566 17.0 10
1667510461616 21.0 11
1667510461643 10.0 12
1667510461692 20.0 13
1667510461726 10.0 14
1667510461774 15.0 15
1667510461808 13.0 16
1667510461867 23.0 17
1667510461955 32.0 18
1667510462003 11.0 19
1667510462069 21.0 20
1667510462105 14.0 21
1667510462144 17.0 22
1667510462216 34.0 23
1667510462250 14.0 24
1667510462280 12.0 25
1667510462324 20.0 26
1667510462356 13.0 27
1667510462399 19.0 28
1667510462438 17.0 29
1667510462471 13.0 30
1667510462497 10.0 31
1667510462568 26.0 32
1667510462613 17.0 33
1667510462659 19.0 34
1667510462711 23.0 35
1667510462769 25.0 36
1667510462804 15.0 37
1667510462846 18.0 38
1667510462889 16.0 39
1667510462960 30.0 40
1667510462997 16.0 41
1667510463030 13.0 42
1667510463089 27.0 43
1667510463144 25.0 44
1667510463206 28.0 45
1667510463229 9.0 46
1667510463309 38.0 47
1667510463347 16.0 48
1667510463389 19.0 49
1667510463431 18.0 50
1667510463474 19.0 51
1667510463503 12.0 52
1667510463570 32.0 53
1667510463605 12.0 54
1667510463672 27.0 55
1667510463696 9.0 56
1667510463720 9.0 57
1667510463756 16.0 58
1667510463796 17.0 59
1667510463821 10.0 60
1667510463861 17.0 61
1667510463912 22.0 62
1667510463950 16.0 63
1667510463984 13.0 64
1667510464055 27.0 65
1667510464089 14.0 66
1667510464120 12.0 67
1667510464164 16.0 68
1667510464197 10.0 69
1667510464247 22.0 70
1667510464285 16.0 71
1667510464353 32.0 72
1667510464392 16.0 73
1667510464424 14.0 74
1667510464467 19.0 75
1667510464531 29.0 76
1667510464579 21.0 77
1667510464602 9.0 78
1667510464644 18.0 79
1667510464711 31.0 80
1667510464754 18.0 81
1667510464805 21.0 82
1667510464844 16.0 83
1667510464894 22.0 84
1667510464920 10.0 85
1667510464945 10.0 86
1667510464976 13.0 87
1667510465009 14.0 88
1667510465036 10.0 89
1667510465111 34.0 90
1667510465161 22.0 91
1667510465193 12.0 92
1667510465232 17.0 93
1667510465256 9.0 94
1667510465302 20.0 95
1667510465344 18.0 96
1667510465385 18.0 97
1667510465428 19.0 98
1667510465467 16.0 99
1667510465501 14.0 100
1667510465548 20.0 101
1667510465597 21.0 102
1667510465640 19.0 103
1667510465664 9.0 104
1667510465716 22.0 105
1667510465747 12.0 106
1667510465781 14.0 107
1667510465816 14.0 108
1667510465865 21.0 109
1667510465900 13.0 110
1667510466004 41.0 111
1667510466048 17.0 112
1667510466087 17.0 113
1667510466115 11.0 114
1667510466152 11.0 115
1667510466244 38.0 116
1667510466296 22.0 117
1667510466326 12.0 118
1667510466369 19.0 119
1667510466409 16.0 120
1667510466456 21.0 121
1667510466490 13.0 122
1667510466532 16.0 123
1667510466572 16.0 124
1667510466615 18.0 125
1667510466666 22.0 126
1667510466692 9.0 127
1667510466766 34.0 128
1667510466814 21.0 129
1667510466844 12.0 130
1667510466906 27.0 131
1667510466946 17.0 132
1667510467022 30.0 133
1667510467054 11.0 134
1667510467088 11.0 135
1667510467142 21.0 136
1667510467174 11.0 137
1667510467204 10.0 138
1667510467232 10.0 139
1667510467267 13.0 140
1667510467327 19.0 141
1667510467369 15.0 142
1667510467398 11.0 143
1667510467442 19.0 144
1667510467469 10.0 145
1667510467501 13.0 146
1667510467531 12.0 147
1667510467566 15.0 148
1667510467611 19.0 149
1667510467645 14.0 150
1667510467682 15.0 151
1667510467733 22.0 152
1667510467764 13.0 153
1667510467796 13.0 154
1667510467842 19.0 155
1667510467898 24.0 156
1667510467931 14.0 157
1667510467979 20.0 158
1667510468016 16.0 159
1667510468043 10.0 160
1667510468076 13.0 161
1667510468122 20.0 162
1667510468179 22.0 163
1667510468228 17.0 164
1667510468276 13.0 165
1667510468319 16.0 166
1667510468363 19.0 167
1667510468402 17.0 168
1667510468443 18.0 169
1667510468477 14.0 170
1667510468515 17.0 171
1667510468562 21.0 172
1667510468619 25.0 173
1667510468654 15.0 174
1667510468712 27.0 175
1667510468760 21.0 176
1667510468812 24.0 177
1667510468849 16.0 178
1667510468873 9.0 179
1667510468904 13.0 180
1667510468930 11.0 181
1667510468957 11.0 182
1667510469005 21.0 183
1667510469070 31.0 184
1667510469109 17.0 185
1667510469139 12.0 186
1667510469166 11.0 187
1667510469201 15.0 188
1667510469227 10.0 189
1667510469259 13.0 190
1667510469286 11.0 191
1667510469311 10.0 192
1667510469344 14.0 193
1667510469375 12.0 194
1667510469398 9.0 195
1667510469442 20.0 196
1667510469480 16.0 197
1667510469514 14.0 198
1667510469545 13.0 199
1667510469574 12.0 200
1667510469597 9.0 201
1667510469624 11.0 202
1667510469653 12.0 203
1667510469683 12.0 204
1667510469709 10.0 205
1667510469736 11.0 206
1667510469771 15.0 207
1667510469799 11.0 208
1667510469825 10.0 209
1667510469868 18.0 210
1667510469916 21.0 211
1667510469954 16.0 212
1667510469995 17.0 213
1667510470027 12.0 214
1667510470080 23.0 215
1667510470114 14.0 216
1667510470142 11.0 217
1667510470166 9.0 218
1667510470192 10.0 219
1667510470230 16.0 220
1667510470278 21.0 221
1667510470313 14.0 222
1667510470342 12.0 223
1667510470369 11.0 224
1667510470404 15.0 225
1667510470453 21.0 226
1667510470490 16.0 227
1667510470527 16.0 228
1667510470560 14.0 229
1667510470603 18.0 230
1667510470640 15.0 231
1667510470671 13.0 232
1667510470704 13.0 233
1667510470751 21.0 234
1667510470815 29.0 235
1667510470856 17.0 236
1667510470894 16.0 237
1667510470927 13.0 238
1667510470982 24.0 239
1667510471034 23.0 240
1667510471066 13.0 241
1667510471096 12.0 242
1667510471128 13.0 243
1667510471156 11.0 244
1667510471201 19.0 245
1667510471234 12.0 246
1667510471257 9.0 247
1667510471285 11.0 248
1667510471321 15.0 249
1667510471388 29.0 250
1667510471420 13.0 251
1667510471452 13.0 252
1667510471504 22.0 253
1667510471534 12.0 254
1667510471567 13.0 255
1667510471605 16.0 256
1667510471645 17.0 257
1667510471691 18.0 258
1667510471724 12.0 259
1667510471791 28.0 260
1667510471828 15.0 261
1667510471880 21.0 262
1667510471923 18.0 263
1667510471975 23.0 264
1667510472004 9.0 265
1667510472028 9.0 266
1667510472061 13.0 267
1667510472118 23.0 268
1667510472157 14.0 269
1667510472218 25.0 270
1667510472253 14.0 271
1667510472312 26.0 272
1667510472336 9.0 273
1667510472382 20.0 274
1667510472425 18.0 275
1667510472457 13.0 276
1667510472484 11.0 277
1667510472524 15.0 278
1667510472556 13.0 279
1667510472584 11.0 280
1667510472628 19.0 281
1667510472657 11.0 282
1667510472707 21.0 283
1667510472736 12.0 284
1667510472787 17.0 285
1667510472819 12.0 286
1667510472847 11.0 287
1667510472886 16.0 288
1667510472921 14.0 289
1667510472956 10.0 290
1667510473039 18.0 291
1667510473112 22.0 292
1667510473149 15.0 293
1667510473182 10.0 294
1667510473208 9.0 295
1667510473238 12.0 296
1667510473290 11.0 297
1667510473325 14.0 298
1667510473362 15.0 299
1667510473397 14.0 300
1667510473426 12.0 301
1667510473482 25.0 302
1667510473508 10.0 303
1667510473558 22.0 304
1667510473589 13.0 305
1667510473613 9.0 306
1667510473672 28.0 307
1667510473730 27.0 308
1667510473760 12.0 309
1667510473782 8.0 310
1667510473825 20.0 311
1667510473850 10.0 312
1667510473880 12.0 313
1667510473916 16.0 314
1667510473941 10.0 315
1667510473966 10.0 316
1667510474000 14.0 317
1667510474045 20.0 318
1667510474074 12.0 319
1667510474130 25.0 320
1667510474157 11.0 321
1667510474184 11.0 322
1667510474230 18.0 323
1667510474256 10.0 324
1667510474285 12.0 325
1667510474316 12.0 326
1667510474345 12.0 327
1667510474374 13.0 328
1667510474416 18.0 329
1667510474450 14.0 330
1667510474475 10.0 331
1667510474508 14.0 332
1667510474534 11.0 333
1667510474576 18.0 334
1667510474610 14.0 335
1667510474644 15.0 336
1667510474682 16.0 337
1667510474715 13.0 338
1667510474750 15.0 339
1667510474779 12.0 340
1667510474803 9.0 341
1667510474837 14.0 342
1667510474863 10.0 343
1667510474963 46.0 344
1667510475002 16.0 345
1667510475038 13.0 346
1667510475094 24.0 347
1667510475117 9.0 348
1667510475153 15.0 349
1667510475179 10.0 350
1667510475210 12.0 351
1667510475272 29.0 352
1667510475315 18.0 353
1667510475353 17.0 354
1667510475393 17.0 355
1667510475422 12.0 356
1667510475462 18.0 357
1667510475498 15.0 358
1667510475534 15.0 359
1667510475561 11.0 360
1667510475592 13.0 361
1667510475630 17.0 362
1667510475659 11.0 363
1667510475697 16.0 364
1667510475730 14.0 365
1667510475755 10.0 366
1667510475786 13.0 367
1667510475821 15.0 368
1667510475856 15.0 369
1667510475896 17.0 370
1667510475922 11.0 371
1667510475952 12.0 372
1667510475985 14.0 373
1667510476025 17.0 374
1667510476052 11.0 375
1667510476086 14.0 376
1667510476113 10.0 377
1667510476144 13.0 378
1667510476190 20.0 379
1667510476222 13.0 380
1667510476275 12.0 381
1667510476316 16.0 382
1667510476348 12.0 383
1667510476381 14.0 384
1667510476411 12.0 385
1667510476457 21.0 386
1667510476506 22.0 387
1667510476531 10.0 388
1667510476554 9.0 389
1667510476592 16.0 390
1667510476624 13.0 391
1667510476657 14.0 392
1667510476688 13.0 393
1667510476740 24.0 394
1667510476771 13.0 395
1667510476798 11.0 396
1667510476839 18.0 397
1667510476874 15.0 398
1667510476912 16.0 399
1667510476935 9.0 400
1667510476958 9.0 401
1667510476984 11.0 402
1667510477013 11.0 403
1667510477077 30.0 404
1667510477111 14.0 405
1667510477145 15.0 406
1667510477181 15.0 407
1667510477230 22.0 408
1667510477259 12.0 409
1667510477287 10.0 410
1667510477313 9.0 411
1667510477364 23.0 412
1667510477390 10.0 413
1667510477415 10.0 414
1667510477457 18.0 415
1667510477482 10.0 416
1667510477524 18.0 417
1667510477552 11.0 418
1667510477575 8.0 419
1667510477609 14.0 420
1667510477630 8.0 421
1667510477660 11.0 422
1667510477683 9.0 423
1667510477709 10.0 424
1667510477739 11.0 425
1667510477770 13.0 426
1667510477797 11.0 427
1667510477865 29.0 428
1667510477889 9.0 429
1667510477924 15.0 430
1667510477953 12.0 431
1667510477998 20.0 432
1667510478019 8.0 433
1667510478045 10.0 434
1667510478078 14.0 435
1667510478103 10.0 436
1667510478132 11.0 437
1667510478166 13.0 438
1667510478192 10.0 439
1667510478233 18.0 440
1667510478289 25.0 441
1667510478316 11.0 442
1667510478349 14.0 443
1667510478408 26.0 444
1667510478486 32.0 445
1667510478519 13.0 446
1667510478547 11.0 447
1667510478574 10.0 448
1667510478598 9.0 449
1667510478644 20.0 450
1667510478669 10.0 451
1667510478699 11.0 452
1667510478733 14.0 453
1667510478764 12.0 454
1667510478802 16.0 455
1667510478831 11.0 456
1667510478865 14.0 457
1667510478901 15.0 458
1667510478936 15.0 459
1667510478965 11.0 460
1667510479003 16.0 461
1667510479048 19.0 462
1667510479089 17.0 463
1667510479146 26.0 464
1667510479209 29.0 465
1667510479239 12.0 466
1667510479277 16.0 467
1667510479328 23.0 468
1667510479362 14.0 469
1667510479386 9.0 470
1667510479411 10.0 471
1667510479439 11.0 472
1667510479471 13.0 473
1667510479499 11.0 474
1667510479524 10.0 475
1667510479556 13.0 476
1667510479581 9.0 477
1667510479609 11.0 478
1667510479645 15.0 479
1667510479677 13.0 480
1667510479703 9.0 481
1667510479735 13.0 482
1667510479775 15.0 483
1667510479806 13.0 484
1667510479844 15.0 485
1667510479899 25.0 486
1667510479923 9.0 487
1667510479948 10.0 488
1667510479975 11.0 489
1667510480001 11.0 490
1667510480043 19.0 491
1667510480087 20.0 492
1667510480109 8.0 493
1667510480151 19.0 494
1667510480211 28.0 495
1667510480237 10.0 496
1667510480271 15.0 497
1667510480298 11.0 498
1667510480327 12.0 499
1667510480360 14.0 500
1667510480390 13.0 501
1667510480446 26.0 502
1667510480477 13.0 503
1667510480516 16.0 504
1667510480544 11.0 505
1667510480616 34.0 506
1667510480659 18.0 507
1667510480700 17.0 508
1667510480733 13.0 509
1667510480766 12.0 510
1667510480837 32.0 511
1667510480865 11.0 512
1667510480898 13.0 513
1667510480940 18.0 514
1667510480973 13.0 515
1667510481000 10.0 516
1667510481045 19.0 517
1667510481096 22.0 518
1667510481133 11.0 519
1667510481161 9.0 520
1667510481228 29.0 521
1667510481267 15.0 522
1667510481323 24.0 523
1667510481368 20.0 524
1667510481402 13.0 525
1667510481444 14.0 526
1667510481477 13.0 527
1667510481514 14.0 528
1667510481537 9.0 529
1667510481578 17.0 530
1667510481606 11.0 531
1667510481636 12.0 532
1667510481727 41.0 533
1667510481756 9.0 534
1667510481789 14.0 535
1667510481812 9.0 536
1667510481836 10.0 537
1667510481864 10.0 538
1667510481898 13.0 539
1667510481928 11.0 540
1667510481952 9.0 541
1667510481989 16.0 542
1667510482021 13.0 543
1667510482052 13.0 544
1667510482091 16.0 545
1667510482120 11.0 546
1667510482145 9.0 547
1667510482170 10.0 548
1667510482199 12.0 549
1667510482274 35.0 550
1667510482308 14.0 551
1667510482385 33.0 552
1667510482417 13.0 553
1667510482448 12.0 554
1667510482482 15.0 555
1667510482521 16.0 556
1667510482559 15.0 557
1667510482591 13.0 558
1667510482630 17.0 559
1667510482668 16.0 560
1667510482696 11.0 561
1667510482739 19.0 562
1667510482781 16.0 563
1667510482816 12.0 564
1667510482892 14.0 565
1667510482944 15.0 566
1667510482976 12.0 567
1667510482999 9.0 568
1667510483037 16.0 569
1667510483070 14.0 570
1667510483097 11.0 571
1667510483135 17.0 572
1667510483171 15.0 573
1667510483196 10.0 574
1667510483216 8.0 575
1667510483243 11.0 576
1667510483269 10.0 577
1667510483304 15.0 578
1667510483337 14.0 579
1667510483367 13.0 580
1667510483396 11.0 581
1667510483430 15.0 582
1667510483479 22.0 583
1667510483510 13.0 584
1667510483554 19.0 585
1667510483583 12.0 586
1667510483618 15.0 587
1667510483643 9.0 588
1667510483676 14.0 589
1667510483715 17.0 590
1667510483747 13.0 591
1667510483775 11.0 592
1667510483812 16.0 593
1667510483847 15.0 594
1667510483880 14.0 595
1667510483910 12.0 596
1667510483935 10.0 597
1667510483964 12.0 598
1667510484044 36.0 599
1667510484071 10.0 600
1667510484098 11.0 601
1667510484123 10.0 602
1667510484146 9.0 603
1667510484175 12.0 604
1667510484202 11.0 605
1667510484251 22.0 606
1667510484274 9.0 607
1667510484308 14.0 608
1667510484348 17.0 609
1667510484374 10.0 610
1667510484434 26.0 611
1667510484478 17.0 612
1667510484503 9.0 613
1667510484537 15.0 614
1667510484569 13.0 615
1667510484677 53.0 616
1667510484710 14.0 617
1667510484749 17.0 618
1667510484778 12.0 619
1667510484814 16.0 620
1667510484842 11.0 621
1667510484904 29.0 622
1667510484937 14.0 623
1667510484960 8.0 624
1667510484996 16.0 625
1667510485026 12.0 626
1667510485069 19.0 627
1667510485103 14.0 628
1667510485126 9.0 629
1667510485193 32.0 630
1667510485228 15.0 631
1667510485282 24.0 632
1667510485316 14.0 633
1667510485370 22.0 634
1667510485403 14.0 635
1667510485436 14.0 636
1667510485461 10.0 637
1667510485511 23.0 638
1667510485537 11.0 639
1667510485564 10.0 640
1667510485602 17.0 641
1667510485629 10.0 642
1667510485663 15.0 643
1667510485703 17.0 644
1667510485733 13.0 645
1667510485797 28.0 646
1667510485837 15.0 647
1667510485890 13.0 648
1667510485921 12.0 649
1667510485954 13.0 650
1667510485974 8.0 651
1667510486005 13.0 652
1667510486030 10.0 653
1667510486079 22.0 654
1667510486106 11.0 655
1667510486137 13.0 656
1667510486168 13.0 657
1667510486208 18.0 658
1667510486240 14.0 659
1667510486270 12.0 660
1667510486299 12.0 661
1667510486323 10.0 662
1667510486377 25.0 663
1667510486417 17.0 664
1667510486456 17.0 665
1667510486502 21.0 666
1667510486582 38.0 667
1667510486615 14.0 668
1667510486660 20.0 669
1667510486688 11.0 670
1667510486715 11.0 671
1667510486739 10.0 672
1667510486767 12.0 673
1667510486803 15.0 674
1667510486840 16.0 675
1667510486869 12.0 676
1667510486897 11.0 677
1667510486956 27.0 678
1667510486983 11.0 679
1667510487035 23.0 680
1667510487074 17.0 681
1667510487114 17.0 682
1667510487140 10.0 683
1667510487172 14.0 684
1667510487204 13.0 685
1667510487267 29.0 686
1667510487315 20.0 687
1667510487338 9.0 688
1667510487383 20.0 689
1667510487435 22.0 690
1667510487465 12.0 691
1667510487500 15.0 692
1667510487528 11.0 693
1667510487578 21.0 694
1667510487613 14.0 695
1667510487639 9.0 696
1667510487678 16.0 697
1667510487705 11.0 698
1667510487736 13.0 699
1667510487771 14.0 700
1667510487796 10.0 701
1667510487819 9.0 702
1667510487856 16.0 703
1667510487904 13.0 704
1667510487945 10.0 705
1667510487975 12.0 706
1667510488009 12.0 707
1667510488049 13.0 708
1667510488082 12.0 709
1667510488109 9.0 710
1667510488151 17.0 711
1667510488180 12.0 712
1667510488209 11.0 713
1667510488238 11.0 714
1667510488303 30.0 715
1667510488327 9.0 716
1667510488376 21.0 717
1667510488403 11.0 718
1667510488473 32.0 719
1667510488546 33.0 720
1667510488578 13.0 721
1667510488632 24.0 722
1667510488675 18.0 723
1667510488703 11.0 724
1667510488739 15.0 725
1667510488767 11.0 726
1667510488814 21.0 727
1667510488864 22.0 728
1667510488893 11.0 729
1667510488919 10.0 730
1667510488974 24.0 731
1667510489046 32.0 732
1667510489082 15.0 733
1667510489111 11.0 734
1667510489146 14.0 735
1667510489172 10.0 736
1667510489203 13.0 737
1667510489231 11.0 738
1667510489256 9.0 739
1667510489299 19.0 740
1667510489325 10.0 741
1667510489348 9.0 742
1667510489395 20.0 743
1667510489428 14.0 744
1667510489476 21.0 745
1667510489529 24.0 746
1667510489576 21.0 747
1667510489606 12.0 748
1667510489653 20.0 749
1667510489691 16.0 750
1667510489747 26.0 751
1667510489783 15.0 752
1667510489829 20.0 753
1667510489853 9.0 754
1667510489894 17.0 755
1667510489923 12.0 756
1667510489958 15.0 757
1667510489982 9.0 758
1667510490011 12.0 759
1667510490071 28.0 760
1667510490118 20.0 761
1667510490163 20.0 762
1667510490189 11.0 763
1667510490221 13.0 764
1667510490261 18.0 765
1667510490292 13.0 766
1667510490330 16.0 767
1667510490385 26.0 768
1667510490415 12.0 769
1667510490455 17.0 770
1667510490484 12.0 771
1667510490514 11.0 772
1667510490543 9.0 773
1667510490572 12.0 774
1667510490603 12.0 775
1667510490632 12.0 776
1667510490697 21.0 777
1667510490748 23.0 778
1667510490783 15.0 779
1667510490811 10.0 780
1667510490840 12.0 781
1667510490896 25.0 782
1667510490922 10.0 783
1667510490957 14.0 784
1667510491015 27.0 785
1667510491053 16.0 786
1667510491077 9.0 787
1667510491109 13.0 788
1667510491145 15.0 789
1667510491200 24.0 790
1667510491234 14.0 791
1667510491261 10.0 792
1667510491302 17.0 793
1667510491332 12.0 794
1667510491361 12.0 795
1667510491394 13.0 796
1667510491421 11.0 797
1667510491453 13.0 798
1667510491477 9.0 799
1667510491517 17.0 800
1667510491541 9.0 801
1667510491563 9.0 802
1667510491590 11.0 803
1667510491640 22.0 804
1667510491672 14.0 805
1667510491712 17.0 806
1667510491765 24.0 807
1667510491803 16.0 808
1667510491831 11.0 809
1667510491870 17.0 810
1667510491900 12.0 811
1667510491936 15.0 812
1667510491965 12.0 813
1667510492023 20.0 814
1667510492059 13.0 815
1667510492100 15.0 816
1667510492130 12.0 817
1667510492175 19.0 818
1667510492204 12.0 819
1667510492241 16.0 820
1667510492275 14.0 821
1667510492305 12.0 822
1667510492331 11.0 823
1667510492370 17.0 824
1667510492398 11.0 825
1667510492459 29.0 826
1667510492498 17.0 827
1667510492532 14.0 828
1667510492563 12.0 829
1667510492597 14.0 830
1667510492623 10.0 831
1667510492669 20.0 832
1667510492694 10.0 833
1667510492717 9.0 834
1667510492750 14.0 835
1667510492838 37.0 836
1667510492877 16.0 837
1667510492911 14.0 838
1667510492941 11.0 839
1667510492988 19.0 840
1667510493024 15.0 841
1667510493068 16.0 842
1667510493157 39.0 843
1667510493181 9.0 844
1667510493216 15.0 845
1667510493248 13.0 846
1667510493287 17.0 847
1667510493321 13.0 848
1667510493346 10.0 849
1667510493383 16.0 850
1667510493435 23.0 851
1667510493473 14.0 852
1667510493499 10.0 853
1667510493525 10.0 854
1667510493559 15.0 855
1667510493610 23.0 856
1667510493642 13.0 857
1667510493703 28.0 858
1667510493740 15.0 859
1667510493781 18.0 860
1667510493807 10.0 861
1667510493873 30.0 862
1667510493938 29.0 863
1667510493974 10.0 864
1667510494050 31.0 865
1667510494083 13.0 866
1667510494115 13.0 867
1667510494147 13.0 868
1667510494177 13.0 869
1667510494206 12.0 870
1667510494234 11.0 871
1667510494266 13.0 872
1667510494318 23.0 873
1667510494347 12.0 874
1667510494373 10.0 875
1667510494411 16.0 876
1667510494447 16.0 877
1667510494503 25.0 878
1667510494537 14.0 879
1667510494565 11.0 880
1667510494614 22.0 881
1667510494641 10.0 882
1667510494673 14.0 883
1667510494716 19.0 884
1667510494763 20.0 885
1667510494803 18.0 886
1667510494837 14.0 887
1667510494881 19.0 888
1667510495012 64.0 889
1667510495063 22.0 890
1667510495097 13.0 891
1667510495176 36.0 892
1667510495208 13.0 893
1667510495234 10.0 894
1667510495265 12.0 895
1667510495294 12.0 896
1667510495336 18.0 897
1667510495365 11.0 898
1667510495401 15.0 899
1667510495423 8.0 900
1667510495454 13.0 901
1667510495493 16.0 902
1667510495516 9.0 903
1667510495541 10.0 904
1667510495601 28.0 905
1667510495627 9.0 906
1667510495652 10.0 907
1667510495684 13.0 908
1667510495711 11.0 909
1667510495737 10.0 910
1667510495770 14.0 911
1667510495802 13.0 912
1667510495831 12.0 913
1667510495871 17.0 914
1667510495906 15.0 915
1667510495957 23.0 916
1667510495989 13.0 917
1667510496031 18.0 918
1667510496087 25.0 919
1667510496113 10.0 920
1667510496174 27.0 921
1667510496245 33.0 922
1667510496286 17.0 923
1667510496334 19.0 924
1667510496386 21.0 925
1667510496423 16.0 926
1667510496451 11.0 927
1667510496503 23.0 928
1667510496562 25.0 929
1667510496593 11.0 930
1667510496637 19.0 931
1667510496663 10.0 932
1667510496690 9.0 933
1667510496723 14.0 934
1667510496754 13.0 935
1667510496785 13.0 936
1667510496846 27.0 937
1667510496918 25.0 938
1667510496953 10.0 939
1667510496992 15.0 940
1667510497031 17.0 941
1667510497088 25.0 942
1667510497138 21.0 943
1667510497169 12.0 944
1667510497210 17.0 945
1667510497276 30.0 946
1667510497311 15.0 947
1667510497361 22.0 948
1667510497393 13.0 949
1667510497428 15.0 950
1667510497459 13.0 951
1667510497484 10.0 952
1667510497516 13.0 953
1667510497547 13.0 954
1667510497580 14.0 955
1667510497635 25.0 956
1667510497667 13.0 957
1667510497693 10.0 958
1667510497733 18.0 959
1667510497779 21.0 960
1667510497807 11.0 961
1667510497843 16.0 962
1667510497869 11.0 963
1667510497900 13.0 964
1667510497935 15.0 965
1667510497972 16.0 966
1667510498018 21.0 967
1667510498054 15.0 968
1667510498089 15.0 969
1667510498119 13.0 970
1667510498142 8.0 971
1667510498177 15.0 972
1667510498203 11.0 973
1667510498232 12.0 974
1667510498294 29.0 975
1667510498357 30.0 976
1667510498394 16.0 977
1667510498420 10.0 978
1667510498447 11.0 979
1667510498499 24.0 980
1667510498530 13.0 981
1667510498574 19.0 982
1667510498597 9.0 983
1667510498629 14.0 984
1667510498656 11.0 985
1667510498682 10.0 986
1667510498706 10.0 987
1667510498769 30.0 988
1667510498795 10.0 989
1667510498828 14.0 990
1667510498858 12.0 991
1667510498885 11.0 992
1667510498916 12.0 993
1667510498965 22.0 994
1667510499029 30.0 995
1667510499064 15.0 996
1667510499095 12.0 997
1667510499142 21.0 998
1667510499189 21.0 999
1667510499216 11.0 1000
1667510499289 34.0 1001
1667510499314 10.0 1002
1667510499345 12.0 1003
1667510499374 12.0 1004
1667510499414 18.0 1005
1667510499442 10.0 1006
1667510499467 10.0 1007
1667510499508 18.0 1008
1667510499530 8.0 1009
1667510499565 14.0 1010
1667510499607 18.0 1011
1667510499642 14.0 1012
1667510499678 15.0 1013
1667510499761 38.0 1014
1667510499792 13.0 1015
1667510499843 22.0 1016
1667510499885 18.0 1017
1667510499922 16.0 1018
1667510499964 17.0 1019
1667510499991 11.0 1020
1667510500018 11.0 1021
1667510500061 19.0 1022
1667510500096 14.0 1023
1667510500127 13.0 1024
1667510500159 14.0 1025
1667510500188 12.0 1026
1667510500225 16.0 1027
1667510500273 22.0 1028
1667510500311 17.0 1029
1667510500339 11.0 1030
1667510500388 22.0 1031
1667510500412 10.0 1032
1667510500440 11.0 1033
1667510500467 11.0 1034
1667510500516 21.0 1035
1667510500569 22.0 1036
1667510500602 14.0 1037
1667510500653 23.0 1038
1667510500683 12.0 1039
1667510500712 12.0 1040
1667510500759 21.0 1041
1667510500800 17.0 1042
1667510500838 16.0 1043
1667510500878 18.0 1044
1667510500914 15.0 1045
1667510500957 19.0 1046
1667510500982 10.0 1047
1667510501025 17.0 1048
1667510501072 16.0 1049
1667510501106 12.0 1050
1667510501137 12.0 1051
1667510501173 16.0 1052
1667510501214 18.0 1053
1667510501246 12.0 1054
1667510501274 11.0 1055
1667510501305 13.0 1056
1667510501339 14.0 1057
1667510501366 10.0 1058
1667510501390 9.0 1059
1667510501415 10.0 1060
1667510501455 13.0 1061
1667510501491 13.0 1062
1667510501516 10.0 1063
1667510501546 12.0 1064
1667510501592 20.0 1065
1667510501625 13.0 1066
1667510501663 16.0 1067
1667510501702 15.0 1068
1667510501734 12.0 1069
1667510501766 13.0 1070
1667510501819 23.0 1071
1667510501849 11.0 1072
1667510501897 21.0 1073
1667510501923 10.0 1074
1667510501950 10.0 1075
1667510501996 20.0 1076
1667510502033 16.0 1077
1667510502060 10.0 1078
1667510502081 8.0 1079
1667510502173 43.0 1080
1667510502200 10.0 1081
1667510502224 9.0 1082
1667510502263 17.0 1083
1667510502310 21.0 1084
1667510502339 11.0 1085
1667510502371 13.0 1086
1667510502413 17.0 1087
1667510502443 10.0 1088
1667510502478 14.0 1089
1667510502511 13.0 1090
1667510502543 13.0 1091
1667510502574 11.0 1092
1667510502596 8.0 1093
1667510502667 32.0 1094
1667510502697 11.0 1095
1667510502769 32.0 1096
1667510502799 12.0 1097
1667510502825 9.0 1098
1667510502861 15.0 1099
1667510502910 22.0 1100
1667510502938 10.0 1101
1667510502981 19.0 1102
1667510503017 15.0 1103
1667510503050 13.0 1104
1667510503081 13.0 1105
1667510503108 11.0 1106
1667510503129 8.0 1107
1667510503162 13.0 1108
1667510503231 32.0 1109
1667510503311 38.0 1110
1667510503351 16.0 1111
1667510503377 10.0 1112
1667510503426 22.0 1113
1667510503477 22.0 1114
1667510503570 45.0 1115
1667510503616 20.0 1116
1667510503643 10.0 1117
1667510503674 13.0 1118
1667510503698 9.0 1119
1667510503725 11.0 1120
1667510503767 17.0 1121
1667510503808 18.0 1122
1667510503892 40.0 1123
1667510503918 9.0 1124
1667510503985 31.0 1125
1667510504023 16.0 1126
1667510504064 17.0 1127
1667510504095 13.0 1128
1667510504121 10.0 1129
1667510504156 15.0 1130
1667510504197 18.0 1131
1667510504220 9.0 1132
1667510504260 18.0 1133
1667510504296 14.0 1134
1667510504331 15.0 1135
1667510504369 16.0 1136
1667510504401 12.0 1137
1667510504486 40.0 1138
1667510504517 13.0 1139
1667510504549 13.0 1140
1667510504579 12.0 1141
1667510504631 24.0 1142
1667510504662 12.0 1143
1667510504700 16.0 1144
1667510504733 14.0 1145
1667510504781 21.0 1146
1667510504810 12.0 1147
1667510504841 13.0 1148
1667510504868 10.0 1149
1667510504901 14.0 1150
1667510504948 21.0 1151
1667510504979 12.0 1152
1667510505005 10.0 1153
1667510505034 12.0 1154
1667510505081 21.0 1155
1667510505108 10.0 1156
1667510505135 11.0 1157
1667510505160 10.0 1158
1667510505184 9.0 1159
1667510505233 22.0 1160
1667510505257 9.0 1161
1667510505279 9.0 1162
1667510505327 22.0 1163
1667510505355 11.0 1164
1667510505378 9.0 1165
1667510505443 30.0 1166
1667510505475 13.0 1167
1667510505516 17.0 1168
1667510505551 12.0 1169
1667510505586 13.0 1170
1667510505623 14.0 1171
1667510505666 18.0 1172
1667510505689 8.0 1173
1667510505730 17.0 1174
1667510505756 9.0 1175
1667510505778 8.0 1176
1667510505828 21.0 1177
1667510505888 26.0 1178
1667510505921 13.0 1179
1667510505958 15.0 1180
1667510505991 13.0 1181
1667510506030 17.0 1182
1667510506058 12.0 1183
1667510506103 20.0 1184
1667510506140 16.0 1185
1667510506173 13.0 1186
1667510506234 27.0 1187
1667510506320 39.0 1188
1667510506354 14.0 1189
1667510506391 15.0 1190
1667510506424 14.0 1191
1667510506465 17.0 1192
1667510506498 12.0 1193
1667510506529 12.0 1194
1667510506585 26.0 1195
1667510506628 18.0 1196
1667510506689 28.0 1197
1667510506719 12.0 1198
1667510506756 15.0 1199
1667510506820 30.0 1200
1667510506847 11.0 1201
1667510506880 13.0 1202
1667510506903 9.0 1203
1667510506990 42.0 1204
1667510507027 15.0 1205
1667510507056 12.0 1206
1667510507103 21.0 1207
1667510507151 21.0 1208
1667510507231 38.0 1209
1667510507278 21.0 1210
1667510507315 15.0 1211
1667510507406 43.0 1212
1667510507436 12.0 1213
1667510507471 14.0 1214
1667510507504 14.0 1215
1667510507534 13.0 1216
1667510507580 21.0 1217
1667510507608 11.0 1218
1667510507669 28.0 1219
1667510507693 9.0 1220
1667510507722 11.0 1221
1667510507755 14.0 1222
1667510507798 18.0 1223
1667510507828 12.0 1224
1667510507897 32.0 1225
1667510507927 12.0 1226
1667510507962 14.0 1227
1667510508014 24.0 1228
1667510508115 48.0 1229
1667510508150 14.0 1230
1667510508191 18.0 1231
1667510508224 14.0 1232
1667510508266 18.0 1233
1667510508303 16.0 1234
1667510508340 16.0 1235
1667510508372 13.0 1236
1667510508472 49.0 1237
1667510508502 12.0 1238
1667510508542 17.0 1239
1667510508570 11.0 1240
1667510508598 11.0 1241
1667510508624 11.0 1242
1667510508660 15.0 1243
1667510508692 13.0 1244
1667510508718 10.0 1245
1667510508754 15.0 1246
1667510508793 16.0 1247
1667510508820 11.0 1248
1667510508858 17.0 1249
1667510508900 18.0 1250
1667510508923 9.0 1251
1667510508952 12.0 1252
1667510508986 14.0 1253
1667510509014 10.0 1254
1667510509051 16.0 1255
1667510509088 16.0 1256
1667510509118 12.0 1257
1667510509160 18.0 1258
1667510509213 24.0 1259
1667510509242 11.0 1260
1667510509285 19.0 1261
1667510509330 20.0 1262
1667510509376 20.0 1263
1667510509412 16.0 1264
1667510509443 13.0 1265
1667510509478 14.0 1266
1667510509505 11.0 1267
1667510509549 19.0 1268
1667510509579 12.0 1269
1667510509625 21.0 1270
1667510509674 22.0 1271
1667510509699 9.0 1272
1667510509739 18.0 1273
1667510509776 16.0 1274
1667510509805 11.0 1275
1667510509842 16.0 1276
1667510509873 13.0 1277
1667510509901 11.0 1278
1667510509929 11.0 1279
1667510509957 12.0 1280
1667510509982 10.0 1281
1667510510028 20.0 1282
1667510510067 16.0 1283
1667510510091 9.0 1284
1667510510116 10.0 1285
1667510510142 11.0 1286
1667510510172 12.0 1287
1667510510212 17.0 1288
1667510510274 27.0 1289
1667510510298 9.0 1290
1667510510324 10.0 1291
1667510510365 18.0 1292
1667510510394 10.0 1293
1667510510443 22.0 1294
1667510510500 25.0 1295
1667510510535 15.0 1296
1667510510565 12.0 1297
1667510510604 16.0 1298
1667510510649 20.0 1299
1667510510690 18.0 1300
1667510510725 14.0 1301
1667510510754 12.0 1302
1667510510788 14.0 1303
1667510510833 20.0 1304
1667510510858 9.0 1305
1667510510880 9.0 1306
1667510510929 22.0 1307
1667510510962 14.0 1308
1667510511000 16.0 1309
1667510511031 13.0 1310
1667510511062 13.0 1311
1667510511139 37.0 1312
1667510511169 12.0 1313
1667510511207 16.0 1314
1667510511275 32.0 1315
1667510511313 15.0 1316
1667510511346 14.0 1317
1667510511373 11.0 1318
1667510511405 14.0 1319
1667510511433 11.0 1320
1667510511476 19.0 1321
1667510511508 13.0 1322
1667510511539 13.0 1323
1667510511578 17.0 1324
1667510511605 11.0 1325
1667510511642 16.0 1326
1667510511675 13.0 1327
1667510511721 20.0 1328
1667510511790 32.0 1329
1667510511814 9.0 1330
1667510511842 11.0 1331
1667510511868 10.0 1332
1667510511911 18.0 1333
1667510511946 14.0 1334
1667510511977 13.0 1335
1667510512017 17.0 1336
1667510512043 10.0 1337
1667510512101 26.0 1338
1667510512131 12.0 1339
1667510512169 15.0 1340
1667510512197 10.0 1341
1667510512229 13.0 1342
1667510512296 30.0 1343
1667510512324 11.0 1344
1667510512364 17.0 1345
1667510512397 14.0 1346
1667510512446 21.0 1347
1667510512475 11.0 1348
1667510512537 28.0 1349
1667510512579 18.0 1350
1667510512614 15.0 1351
1667510512640 10.0 1352
1667510512669 12.0 1353
1667510512699 12.0 1354
1667510512730 13.0 1355
1667510512751 8.0 1356
1667510512785 14.0 1357
1667510512822 16.0 1358
1667510512849 11.0 1359
1667510512888 17.0 1360
1667510512922 14.0 1361
1667510512957 15.0 1362
1667510513006 22.0 1363
1667510513027 8.0 1364
1667510513068 15.0 1365
1667510513098 12.0 1366
1667510513124 10.0 1367
1667510513166 18.0 1368
1667510513192 10.0 1369
1667510513216 10.0 1370
1667510513255 17.0 1371
1667510513279 9.0 1372
1667510513304 10.0 1373
1667510513327 9.0 1374
1667510513355 12.0 1375
1667510513399 19.0 1376
1667510513451 24.0 1377
1667510513492 18.0 1378
1667510513518 11.0 1379
1667510513585 31.0 1380
1667510513642 26.0 1381
1667510513671 12.0 1382
1667510513698 11.0 1383
1667510513729 12.0 1384
1667510513758 11.0 1385
1667510513792 14.0 1386
1667510513815 9.0 1387
1667510513846 12.0 1388
1667510513879 14.0 1389
1667510513909 12.0 1390
1667510513950 18.0 1391
1667510513974 9.0 1392
1667510514017 19.0 1393
1667510514090 34.0 1394
1667510514129 17.0 1395
1667510514158 12.0 1396
1667510514227 32.0 1397
1667510514266 16.0 1398
1667510514292 10.0 1399
1667510514369 36.0 1400
1667510514404 14.0 1401
1667510514443 17.0 1402
1667510514484 18.0 1403
1667510514535 22.0 1404
1667510514558 9.0 1405
1667510514589 13.0 1406
1667510514651 28.0 1407
1667510514697 20.0 1408
1667510514742 20.0 1409
1667510514814 33.0 1410
1667510514853 17.0 1411
1667510514901 21.0 1412
1667510514942 18.0 1413
1667510514971 12.0 1414
1667510515011 17.0 1415
1667510515037 10.0 1416
1667510515077 17.0 1417
1667510515111 13.0 1418
1667510515149 15.0 1419
1667510515198 19.0 1420
1667510515245 16.0 1421
1667510515276 10.0 1422
1667510515318 16.0 1423
1667510515370 12.0 1424
1667510515411 16.0 1425
1667510515438 9.0 1426
1667510515461 9.0 1427
1667510515499 16.0 1428
1667510515555 24.0 1429
1667510515604 21.0 1430
1667510515642 16.0 1431
1667510515709 31.0 1432
1667510515745 14.0 1433
1667510515815 31.0 1434
1667510515861 20.0 1435
1667510515898 15.0 1436
1667510515944 19.0 1437
1667510515987 19.0 1438
1667510516009 8.0 1439
1667510516035 10.0 1440
1667510516060 10.0 1441
1667510516087 11.0 1442
1667510516139 23.0 1443
1667510516179 17.0 1444
1667510516211 13.0 1445
1667510516279 30.0 1446
1667510516329 22.0 1447
1667510516364 15.0 1448
1667510516388 8.0 1449
1667510516446 26.0 1450
1667510516476 12.0 1451
1667510516511 14.0 1452
1667510516564 24.0 1453
1667510516608 19.0 1454
1667510516642 12.0 1455
1667510516677 15.0 1456
1667510516728 23.0 1457
1667510516763 14.0 1458
1667510516792 12.0 1459
1667510516819 11.0 1460
1667510516860 18.0 1461
1667510516889 11.0 1462
1667510516952 29.0 1463
1667510516983 13.0 1464
1667510517018 14.0 1465
1667510517042 9.0 1466
1667510517074 14.0 1467
1667510517103 12.0 1468
1667510517133 12.0 1469
1667510517171 17.0 1470
1667510517226 25.0 1471
1667510517286 27.0 1472
1667510517329 19.0 1473
1667510517368 16.0 1474
1667510517394 10.0 1475
1667510517434 17.0 1476
1667510517472 16.0 1477
1667510517502 12.0 1478
1667510517539 16.0 1479
1667510517568 12.0 1480
1667510517599 13.0 1481
1667510517657 26.0 1482
1667510517683 10.0 1483
1667510517728 20.0 1484
1667510517763 14.0 1485
1667510517822 27.0 1486
1667510517851 12.0 1487
1667510517886 14.0 1488
1667510517919 14.0 1489
1667510517955 16.0 1490
1667510517991 15.0 1491
1667510518052 28.0 1492
1667510518099 21.0 1493
1667510518147 20.0 1494
1667510518170 9.0 1495
1667510518195 10.0 1496
1667510518262 32.0 1497
1667510518290 11.0 1498
1667510518316 11.0 1499
1667510518354 17.0 1500
1667510518379 10.0 1501
1667510518433 24.0 1502
1667510518519 41.0 1503
1667510518542 9.0 1504
1667510518596 24.0 1505
1667510518656 28.0 1506
1667510518689 14.0 1507
1667510518717 11.0 1508
1667510518744 11.0 1509
1667510518770 11.0 1510
1667510518804 15.0 1511
1667510518844 17.0 1512
1667510518875 13.0 1513
1667510518900 10.0 1514
1667510518977 37.0 1515
1667510519015 15.0 1516
1667510519106 44.0 1517
1667510519135 12.0 1518
1667510519170 14.0 1519
1667510519193 9.0 1520
1667510519231 16.0 1521
1667510519257 10.0 1522
1667510519302 19.0 1523
1667510519326 9.0 1524
1667510519349 9.0 1525
1667510519378 13.0 1526
1667510519412 13.0 1527
1667510519433 8.0 1528
1667510519473 17.0 1529
1667510519512 17.0 1530
1667510519549 15.0 1531
1667510519589 17.0 1532
1667510519625 15.0 1533
1667510519663 15.0 1534
1667510519691 11.0 1535
1667510519761 32.0 1536
1667510519813 22.0 1537
1667510519841 11.0 1538
1667510519932 42.0 1539
1667510519966 14.0 1540
1667510519993 11.0 1541
1667510520023 12.0 1542
1667510520055 14.0 1543
1667510520097 18.0 1544
1667510520135 16.0 1545
1667510520162 10.0 1546
1667510520202 16.0 1547
1667510520246 18.0 1548
1667510520274 11.0 1549
1667510520313 15.0 1550
1667510520356 17.0 1551
1667510520379 9.0 1552
1667510520408 11.0 1553
1667510520440 13.0 1554
1667510520470 12.0 1555
1667510520539 20.0 1556
1667510520582 15.0 1557
1667510520638 23.0 1558
1667510520679 16.0 1559
1667510520712 11.0 1560
1667510520741 11.0 1561
1667510520766 9.0 1562
1667510520792 10.0 1563
1667510520828 12.0 1564
1667510520852 8.0 1565
1667510520906 20.0 1566
1667510520955 14.0 1567
1667510520984 10.0 1568
1667510521017 13.0 1569
1667510521058 16.0 1570
1667510521085 10.0 1571
1667510521159 31.0 1572
1667510521202 18.0 1573
1667510521233 10.0 1574
1667510521291 21.0 1575
1667510521374 23.0 1576
1667510521416 15.0 1577
1667510521444 11.0 1578
1667510521481 15.0 1579
1667510521511 11.0 1580
1667510521572 19.0 1581
1667510521613 17.0 1582
1667510521649 14.0 1583
1667510521686 15.0 1584
1667510521733 19.0 1585
1667510521789 25.0 1586
1667510521837 21.0 1587
1667510521873 14.0 1588
1667510521906 14.0 1589
1667510521953 21.0 1590
1667510521980 10.0 1591
1667510522015 15.0 1592
1667510522048 14.0 1593
1667510522079 13.0 1594
1667510522107 10.0 1595
1667510522185 37.0 1596
1667510522246 28.0 1597
1667510522316 32.0 1598
1667510522363 21.0 1599
1667510522386 9.0 1600
1667510522410 9.0 1601
1667510522471 29.0 1602
1667510522545 35.0 1603
1667510522575 12.0 1604
1667510522626 23.0 1605
1667510522655 12.0 1606
1667510522684 11.0 1607
1667510522740 25.0 1608
1667510522786 21.0 1609
1667510522815 11.0 1610
1667510522845 12.0 1611
1667510522881 16.0 1612
1667510522943 28.0 1613
1667510522978 14.0 1614
1667510523010 14.0 1615
1667510523038 11.0 1616
1667510523065 11.0 1617
1667510523212 72.0 1618
1667510523246 14.0 1619
1667510523269 9.0 1620
1667510523311 18.0 1621
1667510523344 11.0 1622
1667510523448 42.0 1623
1667510523498 18.0 1624
1667510523551 21.0 1625
1667510523578 10.0 1626
1667510523621 18.0 1627
1667510523650 12.0 1628
1667510523679 12.0 1629
1667510523736 25.0 1630
1667510523774 15.0 1631
1667510523815 16.0 1632
1667510523890 33.0 1633
1667510523915 10.0 1634
1667510523954 16.0 1635
1667510523992 13.0 1636
1667510524056 28.0 1637
1667510524093 16.0 1638
1667510524121 11.0 1639
1667510524149 12.0 1640
1667510524180 13.0 1641
1667510524212 14.0 1642
1667510524267 24.0 1643
1667510524299 12.0 1644
1667510524328 11.0 1645
1667510524383 25.0 1646
1667510524416 14.0 1647
1667510524452 15.0 1648
1667510524512 26.0 1649
1667510524549 15.0 1650
1667510524587 16.0 1651
1667510524623 14.0 1652
1667510524705 38.0 1653
1667510524754 22.0 1654
1667510524782 11.0 1655
1667510524807 10.0 1656
1667510524835 11.0 1657
1667510524862 11.0 1658
1667510524890 11.0 1659
1667510524927 16.0 1660
1667510524975 22.0 1661
1667510525007 13.0 1662
1667510525045 16.0 1663
1667510525075 13.0 1664
1667510525099 9.0 1665
1667510525131 13.0 1666
1667510525162 13.0 1667
1667510525190 12.0 1668
1667510525234 19.0 1669
1667510525285 23.0 1670
1667510525312 11.0 1671
1667510525374 27.0 1672
1667510525408 14.0 1673
1667510525452 18.0 1674
1667510525482 10.0 1675
1667510525525 17.0 1676
1667510525551 10.0 1677
1667510525584 13.0 1678
1667510525614 11.0 1679
1667510525686 31.0 1680
1667510525723 14.0 1681
1667510525761 15.0 1682
1667510525786 10.0 1683
1667510525816 12.0 1684
1667510525854 14.0 1685
1667510525890 14.0 1686
1667510525952 27.0 1687
1667510525990 15.0 1688
1667510526022 11.0 1689
1667510526077 24.0 1690
1667510526108 13.0 1691
1667510526151 18.0 1692
1667510526176 10.0 1693
1667510526245 31.0 1694
1667510526282 15.0 1695
1667510526329 20.0 1696
1667510526379 22.0 1697
1667510526454 34.0 1698
1667510526524 32.0 1699
1667510526562 16.0 1700
1667510526595 12.0 1701
1667510526633 13.0 1702
1667510526674 16.0 1703
1667510526713 16.0 1704
1667510526765 22.0 1705
1667510526793 10.0 1706
1667510526844 20.0 1707
1667510526888 16.0 1708
1667510526929 14.0 1709
1667510527004 32.0 1710
1667510527067 18.0 1711
1667510527123 18.0 1712
1667510527157 11.0 1713
1667510527202 17.0 1714
1667510527236 12.0 1715
1667510527322 37.0 1716
1667510527398 35.0 1717
1667510527490 36.0 1718
1667510527543 10.0 1719
1667510527593 20.0 1720
1667510527648 20.0 1721
1667510527690 18.0 1722
1667510527727 13.0 1723
1667510527776 13.0 1724
1667510527813 16.0 1725
1667510527862 21.0 1726
1667510527910 21.0 1727
1667510527935 10.0 1728
1667510527978 19.0 1729
1667510528004 10.0 1730
1667510528047 19.0 1731
1667510528078 13.0 1732
1667510528103 9.0 1733
1667510528144 17.0 1734
1667510528185 18.0 1735
1667510528227 17.0 1736
1667510528256 12.0 1737
1667510528284 12.0 1738
1667510528326 18.0 1739
1667510528388 28.0 1740
1667510528426 16.0 1741
1667510528451 10.0 1742
1667510528487 15.0 1743
1667510528548 28.0 1744
1667510528583 15.0 1745
1667510528617 14.0 1746
1667510528699 38.0 1747
1667510528739 17.0 1748
1667510528770 12.0 1749
1667510528799 12.0 1750
1667510528832 14.0 1751
1667510528853 8.0 1752
1667510528892 16.0 1753
1667510528960 31.0 1754
1667510529000 17.0 1755
1667510529032 12.0 1756
1667510529065 13.0 1757
1667510529120 24.0 1758
1667510529157 15.0 1759
1667510529193 14.0 1760
1667510529222 12.0 1761
1667510529250 10.0 1762
1667510529277 11.0 1763
1667510529310 14.0 1764
1667510529343 14.0 1765
1667510529383 17.0 1766
1667510529426 18.0 1767
1667510529498 33.0 1768
1667510529532 13.0 1769
1667510529612 29.0 1770
1667510529647 13.0 1771
1667510529693 18.0 1772
1667510529743 19.0 1773
1667510529776 9.0 1774
1667510529828 13.0 1775
1667510529870 15.0 1776
1667510529913 15.0 1777
1667510529969 23.0 1778
1667510530031 25.0 1779
1667510530072 18.0 1780
1667510530147 21.0 1781
1667510530182 12.0 1782
1667510530214 13.0 1783
1667510530244 10.0 1784
1667510530277 12.0 1785
1667510530335 20.0 1786
1667510530390 25.0 1787
1667510530461 33.0 1788
1667510530509 21.0 1789
1667510530554 19.0 1790
1667510530586 13.0 1791
1667510530622 15.0 1792
1667510530653 12.0 1793
1667510530693 17.0 1794
1667510530728 14.0 1795
1667510530760 12.0 1796
1667510530798 16.0 1797
1667510530828 11.0 1798
1667510530878 13.0 1799
1667510530931 21.0 1800
1667510530984 22.0 1801
1667510531011 9.0 1802
1667510531050 14.0 1803
1667510531085 13.0 1804
1667510531112 8.0 1805
1667510531170 16.0 1806
1667510531218 17.0 1807
1667510531247 9.0 1808
1667510531300 23.0 1809
1667510531346 17.0 1810
1667510531417 12.0 1811
1667510531444 9.0 1812
1667510531481 13.0 1813
1667510531509 11.0 1814
1667510531535 10.0 1815
1667510531575 16.0 1816
1667510531653 29.0 1817
1667510531683 11.0 1818
1667510531716 13.0 1819
1667510531747 12.0 1820
1667510531829 38.0 1821
1667510531885 24.0 1822
1667510531922 15.0 1823
1667510531956 13.0 1824
1667510531994 15.0 1825
1667510532031 15.0 1826
1667510532063 13.0 1827
1667510532122 25.0 1828
1667510532174 22.0 1829
1667510532198 9.0 1830
1667510532309 49.0 1831
1667510532369 26.0 1832
1667510532433 28.0 1833
1667510532461 11.0 1834
1667510532489 11.0 1835
1667510532539 22.0 1836
1667510532594 24.0 1837
1667510532647 24.0 1838
1667510532680 14.0 1839
1667510532724 19.0 1840
1667510532750 10.0 1841
1667510532791 18.0 1842
1667510532820 11.0 1843
1667510532876 24.0 1844
1667510532913 15.0 1845
1667510532949 14.0 1846
1667510532973 9.0 1847
1667510533004 13.0 1848
1667510533062 26.0 1849
1667510533109 20.0 1850
1667510533147 16.0 1851
1667510533182 15.0 1852
1667510533265 34.0 1853
1667510533344 37.0 1854
1667510533369 10.0 1855
1667510533395 9.0 1856
1667510533420 10.0 1857
1667510533534 53.0 1858
1667510533571 15.0 1859
1667510533613 18.0 1860
1667510533648 14.0 1861
1667510533697 20.0 1862
1667510533741 19.0 1863
1667510533825 40.0 1864
1667510533907 37.0 1865
1667510533945 16.0 1866
1667510533995 21.0 1867
1667510534042 13.0 1868
1667510534073 12.0 1869
1667510534142 32.0 1870
1667510534189 20.0 1871
1667510534214 10.0 1872
1667510534271 26.0 1873
1667510534303 12.0 1874
1667510534344 17.0 1875
1667510534392 21.0 1876
1667510534423 12.0 1877
1667510534513 42.0 1878
1667510534540 11.0 1879
1667510534573 13.0 1880
1667510534599 10.0 1881
1667510534641 18.0 1882
1667510534679 16.0 1883
1667510534721 18.0 1884
1667510534750 12.0 1885
1667510534784 14.0 1886
1667510534819 15.0 1887
1667510534851 13.0 1888
1667510534882 12.0 1889
1667510534923 18.0 1890
1667510534967 19.0 1891
1667510534992 9.0 1892
1667510535038 20.0 1893
1667510535066 11.0 1894
1667510535102 15.0 1895
1667510535139 15.0 1896
1667510535173 14.0 1897
1667510535211 16.0 1898
1667510535252 17.0 1899
1667510535278 10.0 1900
1667510535304 11.0 1901
1667510535375 32.0 1902
1667510535408 13.0 1903
1667510535442 14.0 1904
1667510535475 14.0 1905
1667510535523 22.0 1906
