1667517345958 29.0 0
1667517346210 21.0 1
1667517346386 11.0 2
1667517346435 15.0 3
1667517346482 14.0 4
1667517346536 15.0 5
1667517346611 22.0 6
1667517346677 27.0 7
1667517346714 13.0 8
1667517346743 10.0 9
1667517346863 41.0 10
1667517346925 22.0 11
1667517346969 14.0 12
1667517347086 47.0 13
1667517347137 20.0 14
1667517347193 22.0 15
1667517347276 34.0 16
1667517347330 20.0 17
1667517347436 45.0 18
1667517347508 27.0 19
1667517347546 12.0 20
1667517347614 25.0 21
1667517347649 13.0 22
1667517347695 17.0 23
1667517347748 20.0 24
1667517347804 21.0 25
1667517347869 25.0 26
1667517347956 36.0 27
1667517347987 10.0 28
1667517348058 24.0 29
1667517348126 25.0 30
1667517348161 12.0 31
1667517348200 13.0 32
1667517348402 83.0 33
1667517348518 46.0 34
1667517348570 19.0 35
1667517348646 29.0 36
1667517348679 12.0 37
1667517348753 28.0 38
1667517348788 13.0 39
1667517348829 14.0 40
1667517348928 40.0 41
1667517349041 44.0 42
1667517349120 31.0 43
1667517349181 23.0 44
1667517349257 30.0 45
1667517349321 24.0 46
1667517349374 20.0 47
1667517349453 31.0 48
1667517349506 20.0 49
1667517349587 30.0 50
1667517349666 29.0 51
1667517349707 14.0 52
1667517349819 44.0 53
1667517349861 13.0 54
1667517349969 41.0 55
1667517350114 58.0 56
1667517350208 38.0 57
1667517350275 24.0 58
1667517350389 44.0 59
1667517350461 26.0 60
1667517350533 27.0 61
1667517350578 15.0 62
1667517350640 22.0 63
1667517350754 40.0 64
1667517350815 20.0 65
1667517350890 23.0 66
1667517350925 11.0 67
1667517351003 29.0 68
1667517351107 43.0 69
1667517351187 32.0 70
1667517351248 22.0 71
1667517351323 24.0 72
1667517351429 29.0 73
1667517351516 31.0 74
1667517351663 60.0 75
1667517351779 46.0 76
1667517351858 30.0 77
1667517351941 31.0 78
1667517352039 37.0 79
1667517352102 23.0 80
1667517352190 35.0 81
1667517352250 22.0 82
1667517352302 19.0 83
1667517352429 51.0 84
1667517352516 33.0 85
1667517352560 16.0 86
1667517352645 33.0 87
1667517352706 22.0 88
1667517352822 46.0 89
1667517352968 58.0 90
1667517353070 41.0 91
1667517353256 75.0 92
1667517353406 60.0 93
1667517353581 74.0 94
1667517353660 30.0 95
1667517353774 45.0 96
1667517353870 38.0 97
1667517354027 65.0 98
1667517354110 31.0 99
1667517354246 54.0 100
1667517354299 19.0 101
1667517354373 28.0 102
1667517354423 18.0 103
1667517354504 31.0 104
1667517354592 34.0 105
1667517354651 21.0 106
1667517354781 52.0 107
1667517354829 18.0 108
1667517355035 83.0 109
1667517355191 63.0 110
1667517355374 75.0 111
1667517355460 34.0 112
1667517355686 92.0 113
1667517355738 19.0 114
1667517356036 121.0 115
1667517356098 23.0 116
1667517356131 12.0 117
1667517356224 37.0 118
1667517356327 41.0 119
1667517356415 33.0 120
1667517356528 46.0 121
1667517356700 69.0 122
1667517356806 41.0 123
1667517356856 18.0 124
1667517356955 39.0 125
1667517357028 28.0 126
1667517357114 34.0 127
1667517357174 23.0 128
1667517357210 13.0 129
1667517357314 42.0 130
1667517357497 74.0 131
1667517357601 41.0 132
1667517357770 68.0 133
1667517357841 28.0 134
1667517357905 23.0 135
1667517358197 122.0 136
1667517358264 25.0 137
1667517358358 37.0 138
1667517358459 41.0 139
1667517358639 73.0 140
1667517358701 23.0 141
1667517358910 87.0 142
1667517359004 35.0 143
1667517359089 34.0 144
1667517359248 65.0 145
1667517359285 13.0 146
1667517359415 53.0 147
1667517359525 43.0 148
1667517359612 34.0 149
1667517359761 60.0 150
1667517359839 29.0 151
1667517359943 42.0 152
1667517360053 42.0 153
1667517360212 64.0 154
1667517360327 45.0 155
1667517360511 74.0 156
1667517360645 53.0 157
1667517360745 39.0 158
1667517360784 13.0 159
1667517360847 24.0 160
1667517360932 33.0 161
1667517361144 88.0 162
1667517361409 95.0 163
1667517361514 41.0 164
1667517361737 96.0 165
1667517361860 50.0 166
1667517361953 35.0 167
1667517362037 33.0 168
1667517362424 161.0 169
1667517362512 33.0 170
1667517362689 72.0 171
1667517362736 16.0 172
1667517362871 53.0 173
1667517363004 53.0 174
1667517363143 56.0 175
1667517363209 25.0 176
1667517363256 16.0 177
1667517363473 90.0 178
1667517363685 89.0 179
1667517363910 89.0 180
1667517364024 47.0 181
1667517364197 70.0 182
1667517364426 95.0 183
1667517364597 68.0 184
1667517364974 159.0 185
1667517365412 158.0 186
1667517365937 221.0 187
1667517366143 84.0 188
1667517366335 80.0 189
1667517366891 230.0 190
1667517367271 144.0 191
1667517367416 58.0 192
1667517367627 87.0 193
1667517367842 92.0 194
1667517368171 144.0 195
1667517368512 150.0 196
1667517368639 53.0 197
1667517369010 162.0 198
1667517369229 92.0 199
1667517369530 131.0 200
1667517369651 50.0 201
1667517369888 103.0 202
1667517370159 118.0 203
1667517370285 52.0 204
1667517370601 139.0 205
1667517370934 141.0 206
1667517371205 119.0 207
1667517371405 86.0 208
1667517371767 160.0 209
1667517372016 107.0 210
1667517372213 85.0 211
1667517372368 67.0 212
1667517372922 247.0 213
1667517373397 211.0 214
1667517373781 171.0 215
1667517374083 134.0 216
1667517374291 92.0 217
1667517374712 188.0 218
1667517375028 139.0 219
1667517375239 91.0 220
1667517375451 92.0 221
1667517375912 208.0 222
1667517376234 131.0 223
1667517376347 47.0 224
1667517376422 30.0 225
1667517376522 42.0 226
1667517376669 61.0 227
1667517376823 65.0 228
1667517377169 139.0 229
1667517377367 80.0 230
1667517377644 120.0 231
1667517377987 145.0 232
1667517378312 137.0 233
1667517378668 159.0 234
1667517379255 260.0 235
1667517379319 25.0 236
1667517379679 159.0 237
1667517380123 196.0 238
1667517380568 202.0 239
1667517380667 41.0 240
1667517381202 239.0 241
1667517381529 139.0 242
1667517381954 187.0 243
1667517382656 313.0 244
1667517382920 116.0 245
1667517383158 103.0 246
1667517383248 36.0 247
1667517383830 260.0 248
1667517384204 166.0 249
1667517384598 174.0 250
1667517384997 177.0 251
1667517385368 164.0 252
1667517385892 233.0 253
1667517386296 177.0 254
1667517386859 250.0 255
1667517387575 322.0 256
1667517388211 279.0 257
1667517388895 307.0 258
1667517389005 45.0 259
1667517389527 223.0 260
1667517390025 219.0 261
1667517390935 399.0 262
1667517391327 172.0 263
1667517391720 178.0 264
1667517392140 184.0 265
1667517392549 177.0 266
1667517393192 286.0 267
1667517394315 500.0 268
1667517394622 130.0 269
1667517395148 231.0 270
1667517396106 410.0 271
1667517397293 500.0 272
1667517398237 419.0 273
1667517398712 199.0 274
1667517399879 500.0 275
1667517400799 403.0 276
1667517401970 500.0 277
1667517403114 500.0 278
1667517404202 475.0 279
1667517404872 313.0 280
1667517405955 500.0 281
1667517406549 270.0 282
1667517407651 500.0 283
1667517408033 172.0 284
1667517409128 500.0 285
1667517410190 500.0 286
1667517411030 378.0 287
1667517412133 500.0 288
1667517413205 500.0 289
1667517413696 228.0 290
1667517414668 447.0 291
1667517415789 500.0 292
1667517416938 500.0 293
1667517418140 500.0 294
1667517418797 277.0 295
1667517419495 306.0 296
1667517420583 500.0 297
1667517421321 335.0 298
1667517421918 265.0 299
1667517422946 454.0 300
1667517423637 298.0 301
1667517424496 379.0 302
1667517425454 417.0 303
1667517426623 500.0 304
1667517427398 344.0 305
1667517427706 134.0 306
1667517428018 136.0 307
1667517428795 347.0 308
1667517429912 500.0 309
1667517431022 500.0 310
1667517431686 282.0 311
1667517432793 500.0 312
1667517433445 284.0 313
1667517434555 500.0 314
1667517435666 500.0 315
1667517436790 500.0 316
1667517437906 500.0 317
1667517439038 500.0 318
1667517440158 500.0 319
1667517441264 500.0 320
1667517442168 402.0 321
1667517443033 387.0 322
1667517444129 500.0 323
1667517444985 382.0 324
1667517446106 500.0 325
1667517447031 401.0 326
1667517447702 298.0 327
1667517448784 500.0 328
1667517449847 500.0 329
1667517450911 500.0 330
1667517452009 500.0 331
1667517453070 488.0 332
1667517454131 500.0 333
1667517454572 201.0 334
1667517455140 261.0 335
1667517456227 500.0 336
1667517457325 500.0 337
1667517457901 263.0 338
1667517458302 185.0 339
1667517459230 428.0 340
1667517460357 500.0 341
1667517461461 500.0 342
1667517462496 480.0 343
1667517463563 500.0 344
1667517464348 369.0 345
1667517465411 500.0 346
1667517466507 500.0 347
1667517467624 500.0 348
1667517468170 242.0 349
1667517469253 500.0 350
1667517469837 269.0 351
1667517470924 500.0 352
1667517472014 500.0 353
1667517472840 368.0 354
1667517473997 500.0 355
1667517474981 439.0 356
1667517476132 500.0 357
1667517477322 500.0 358
1667517478076 313.0 359
1667517479203 500.0 360
1667517480294 481.0 361
1667517481384 500.0 362
1667517482460 500.0 363
1667517483536 500.0 364
1667517484655 500.0 365
1667517485772 500.0 366
1667517486943 500.0 367
1667517487796 367.0 368
1667517488623 356.0 369
1667517489772 500.0 370
1667517491026 500.0 371
1667517492194 500.0 372
1667517493113 394.0 373
1667517493719 262.0 374
1667517494776 451.0 375
1667517496058 500.0 376
1667517497291 500.0 377
1667517498469 500.0 378
1667517499371 381.0 379
1667517499929 237.0 380
1667517500704 334.0 381
1667517501860 500.0 382
1667517502499 272.0 383
1667517503371 390.0 384
1667517504445 500.0 385
1667517505594 500.0 386
1667517506782 500.0 387
1667517507925 484.0 388
1667517508277 145.0 389
1667517509463 500.0 390
1667517510679 500.0 391
1667517511903 500.0 392
1667517513072 500.0 393
1667517514208 500.0 394
1667517515285 469.0 395
1667517515779 207.0 396
1667517516950 500.0 397
1667517518110 500.0 398
1667517518514 175.0 399
1667517519694 500.0 400
1667517520864 500.0 401
1667517522051 500.0 402
1667517523195 500.0 403
1667517524331 500.0 404
1667517525507 500.0 405
1667517526658 488.0 406
1667517527838 500.0 407
1667517529027 487.0 408
1667517529631 248.0 409
1667517530206 251.0 410
1667517530781 237.0 411
1667517531594 356.0 412
1667517532196 270.0 413
1667517532880 291.0 414
1667517533920 451.0 415
1667517534989 477.0 416
1667517535781 313.0 417
1667517536860 431.0 418
1667517538122 500.0 419
1667517539386 500.0 420
1667517540560 500.0 421
1667517541239 300.0 422
1667517542371 500.0 423
1667517542974 266.0 424
1667517544105 500.0 425
1667517545229 500.0 426
1667517546431 500.0 427
1667517547561 500.0 428
1667517548673 483.0 429
1667517549814 500.0 430
1667517550957 500.0 431
1667517551956 438.0 432
1667517553083 500.0 433
1667517554221 500.0 434
1667517555348 500.0 435
1667517556470 500.0 436
1667517557398 398.0 437
1667517558536 500.0 438
1667517559052 225.0 439
1667517560177 500.0 440
1667517561313 500.0 441
1667517562442 500.0 442
1667517563555 500.0 443
1667517564647 500.0 444
1667517565760 500.0 445
1667517566870 500.0 446
1667517568018 500.0 447
1667517569196 500.0 448
1667517570307 500.0 449
1667517571409 500.0 450
1667517572013 252.0 451
1667517573116 500.0 452
1667517574220 500.0 453
1667517575338 500.0 454
1667517576451 500.0 455
1667517577578 500.0 456
1667517578704 500.0 457
1667517579811 500.0 458
1667517580926 500.0 459
1667517582042 500.0 460
1667517582701 298.0 461
1667517583811 500.0 462
1667517584944 500.0 463
1667517586049 500.0 464
1667517587138 500.0 465
1667517588238 500.0 466
1667517589364 500.0 467
1667517590500 500.0 468
1667517591543 469.0 469
1667517592675 500.0 470
1667517593784 500.0 471
1667517594904 500.0 472
1667517596022 500.0 473
1667517597127 500.0 474
1667517598237 500.0 475
1667517599348 500.0 476
1667517600513 500.0 477
1667517601712 500.0 478
1667517602840 500.0 479
1667517603694 381.0 480
1667517604853 500.0 481
1667517605995 500.0 482
1667517607148 500.0 483
1667517608301 500.0 484
1667517609414 500.0 485
1667517610560 500.0 486
1667517611660 476.0 487
1667517612804 500.0 488
1667517613945 500.0 489
1667517615072 500.0 490
1667517616187 500.0 491
1667517617314 500.0 492
1667517618239 410.0 493
1667517619324 500.0 494
1667517620410 500.0 495
1667517621529 500.0 496
1667517622644 500.0 497
1667517623756 500.0 498
1667517624867 500.0 499
1667517625692 373.0 500
1667517626312 271.0 501
1667517627421 500.0 502
1667517628540 500.0 503
1667517629721 500.0 504
1667517630840 500.0 505
1667517631990 500.0 506
1667517633126 500.0 507
1667517634465 500.0 508
1667517635654 500.0 509
1667517636784 500.0 510
1667517637889 500.0 511
1667517639021 500.0 512
1667517639948 415.0 513
1667517641044 500.0 514
1667517642165 500.0 515
1667517643292 500.0 516
1667517643540 101.0 517
1667517644211 301.0 518
1667517645325 500.0 519
1667517646442 500.0 520
1667517647561 500.0 521
1667517648701 500.0 522
1667517649810 500.0 523
1667517650139 145.0 524
1667517651298 500.0 525
1667517652240 366.0 526
1667517653256 417.0 527
1667517654525 500.0 528
1667517655190 286.0 529
1667517656434 500.0 530
1667517657586 500.0 531
1667517658748 500.0 532
1667517659193 187.0 533
1667517659903 286.0 534
1667517661057 500.0 535
1667517661960 395.0 536
1667517663115 500.0 537
1667517664266 500.0 538
1667517665403 500.0 539
1667517666556 500.0 540
1667517667695 500.0 541
1667517668639 404.0 542
1667517669823 500.0 543
1667517670967 500.0 544
1667517672056 470.0 545
1667517673208 500.0 546
1667517674223 449.0 547
1667517675373 500.0 548
1667517676508 500.0 549
1667517677689 500.0 550
1667517678814 500.0 551
1667517679942 500.0 552
1667517681089 500.0 553
1667517682228 500.0 554
1667517683398 500.0 555
