1667498172723 18.0 0
1667498172984 20.0 1
1667498173128 15.0 2
1667498173200 34.0 3
1667498173242 18.0 4
1667498173302 28.0 5
1667498173341 16.0 6
1667498173372 13.0 7
1667498173438 31.0 8
1667498173462 9.0 9
1667498173497 15.0 10
1667498173531 15.0 11
1667498173573 19.0 12
1667498173653 38.0 13
1667498173685 13.0 14
1667498173755 33.0 15
1667498173794 16.0 16
1667498173836 19.0 17
1667498173871 15.0 18
1667498173910 17.0 19
1667498173941 13.0 20
1667498173988 21.0 21
1667498174082 44.0 22
1667498174107 10.0 23
1667498174162 25.0 24
1667498174202 17.0 25
1667498174257 26.0 26
1667498174296 17.0 27
1667498174439 72.0 28
1667498174467 11.0 29
1667498174500 14.0 30
1667498174570 33.0 31
1667498174604 15.0 32
1667498174631 10.0 33
1667498174667 16.0 34
1667498174708 18.0 35
1667498174761 24.0 36
1667498174836 36.0 37
1667498174889 24.0 38
1667498174920 13.0 39
1667498174949 12.0 40
1667498174980 13.0 41
1667498175006 11.0 42
1667498175067 28.0 43
1667498175132 30.0 44
1667498175165 14.0 45
1667498175210 18.0 46
1667498175245 14.0 47
1667498175276 12.0 48
1667498175340 29.0 49
1667498175370 12.0 50
1667498175493 58.0 51
1667498175570 33.0 52
1667498175608 16.0 53
1667498175645 16.0 54
1667498175677 13.0 55
1667498175719 18.0 56
1667498175755 16.0 57
1667498175783 10.0 58
1667498175851 31.0 59
1667498175913 28.0 60
1667498175952 16.0 61
1667498175977 10.0 62
1667498176037 26.0 63
1667498176083 19.0 64
1667498176108 10.0 65
1667498176148 17.0 66
1667498176182 13.0 67
1667498176224 19.0 68
1667498176269 20.0 69
1667498176329 27.0 70
1667498176367 17.0 71
1667498176432 30.0 72
1667498176499 31.0 73
1667498176535 16.0 74
1667498176614 38.0 75
1667498176640 10.0 76
1667498176670 12.0 77
1667498176705 15.0 78
1667498176740 15.0 79
1667498176875 65.0 80
1667498176937 28.0 81
1667498176971 15.0 82
1667498177026 25.0 83
1667498177072 21.0 84
1667498177114 19.0 85
1667498177177 29.0 86
1667498177217 18.0 87
1667498177250 14.0 88
1667498177281 13.0 89
1667498177323 19.0 90
1667498177347 10.0 91
1667498177394 22.0 92
1667498177476 39.0 93
1667498177522 20.0 94
1667498177579 26.0 95
1667498177610 12.0 96
1667498177645 15.0 97
1667498177674 12.0 98
1667498177724 22.0 99
1667498177759 14.0 100
1667498177807 22.0 101
1667498177846 17.0 102
1667498177889 18.0 103
1667498177912 9.0 104
1667498177946 14.0 105
1667498177982 15.0 106
1667498178030 21.0 107
1667498178060 13.0 108
1667498178148 41.0 109
1667498178269 58.0 110
1667498178386 56.0 111
1667498178457 33.0 112
1667498178543 39.0 113
1667498178572 12.0 114
1667498178631 26.0 115
1667498178654 9.0 116
1667498178727 34.0 117
1667498178764 15.0 118
1667498178798 15.0 119
1667498178844 21.0 120
1667498178874 12.0 121
1667498178913 17.0 122
1667498178936 9.0 123
1667498178984 21.0 124
1667498179038 24.0 125
1667498179073 15.0 126
1667498179149 29.0 127
1667498179223 28.0 128
1667498179283 27.0 129
1667498179337 25.0 130
1667498179372 14.0 131
1667498179404 13.0 132
1667498179443 17.0 133
1667498179494 22.0 134
1667498179523 12.0 135
1667498179591 29.0 136
1667498179663 27.0 137
1667498179731 27.0 138
1667498179768 15.0 139
1667498179805 15.0 140
1667498179855 22.0 141
1667498179913 25.0 142
1667498179962 20.0 143
1667498180011 21.0 144
1667498180041 12.0 145
1667498180113 32.0 146
1667498180166 24.0 147
1667498180206 17.0 148
1667498180245 17.0 149
1667498180273 12.0 150
1667498180304 13.0 151
1667498180327 9.0 152
1667498180371 19.0 153
1667498180419 21.0 154
1667498180502 39.0 155
1667498180538 15.0 156
1667498180611 33.0 157
1667498180678 32.0 158
1667498180779 48.0 159
1667498180841 28.0 160
1667498180875 15.0 161
1667498180946 32.0 162
1667498180975 12.0 163
1667498181046 33.0 164
1667498181076 12.0 165
1667498181102 10.0 166
1667498181125 9.0 167
1667498181178 24.0 168
1667498181211 13.0 169
1667498181234 9.0 170
1667498181277 19.0 171
1667498181339 28.0 172
1667498181396 26.0 173
1667498181433 16.0 174
1667498181460 11.0 175
1667498181508 21.0 176
1667498181575 31.0 177
1667498181621 20.0 178
1667498181647 10.0 179
1667498181756 52.0 180
1667498181786 12.0 181
1667498181813 10.0 182
1667498181851 16.0 183
1667498181884 14.0 184
1667498181914 12.0 185
1667498181970 25.0 186
1667498182005 15.0 187
1667498182033 11.0 188
1667498182073 17.0 189
1667498182099 10.0 190
1667498182126 11.0 191
1667498182174 21.0 192
1667498182212 16.0 193
1667498182258 17.0 194
1667498182315 24.0 195
1667498182357 18.0 196
1667498182392 14.0 197
1667498182435 17.0 198
1667498182515 29.0 199
1667498182573 22.0 200
1667498182600 11.0 201
1667498182646 20.0 202
1667498182839 95.0 203
1667498182869 12.0 204
1667498182904 14.0 205
1667498182948 19.0 206
1667498182976 11.0 207
1667498183009 13.0 208
1667498183040 13.0 209
1667498183095 25.0 210
1667498183142 20.0 211
1667498183175 14.0 212
1667498183235 27.0 213
1667498183314 37.0 214
1667498183350 15.0 215
1667498183381 13.0 216
1667498183433 23.0 217
1667498183460 11.0 218
1667498183511 23.0 219
1667498183557 20.0 220
1667498183580 9.0 221
1667498183613 14.0 222
1667498183639 10.0 223
1667498183672 14.0 224
1667498183703 13.0 225
1667498183738 15.0 226
1667498183788 21.0 227
1667498183856 32.0 228
1667498183900 19.0 229
1667498183947 21.0 230
1667498183989 15.0 231
1667498184040 21.0 232
1667498184090 20.0 233
1667498184119 11.0 234
1667498184153 14.0 235
1667498184191 15.0 236
1667498184226 15.0 237
1667498184262 15.0 238
1667498184340 35.0 239
1667498184378 16.0 240
1667498184401 9.0 241
1667498184435 14.0 242
1667498184457 9.0 243
1667498184502 20.0 244
1667498184533 12.0 245
1667498184577 18.0 246
1667498184602 10.0 247
1667498184657 25.0 248
1667498184730 33.0 249
1667498184759 12.0 250
1667498184790 13.0 251
1667498184865 35.0 252
1667498184944 37.0 253
1667498184998 25.0 254
1667498185026 11.0 255
1667498185104 37.0 256
1667498185135 13.0 257
1667498185214 37.0 258
1667498185235 8.0 259
1667498185266 13.0 260
1667498185302 15.0 261
1667498185335 14.0 262
1667498185367 14.0 263
1667498185396 11.0 264
1667498185427 13.0 265
1667498185454 11.0 266
1667498185493 17.0 267
1667498185535 18.0 268
1667498185586 23.0 269
1667498185609 9.0 270
1667498185637 11.0 271
1667498185666 12.0 272
1667498185695 12.0 273
1667498185738 19.0 274
1667498185799 27.0 275
1667498185834 15.0 276
1667498185877 19.0 277
1667498185905 11.0 278
1667498185938 14.0 279
1667498185976 17.0 280
1667498186060 39.0 281
1667498186168 50.0 282
1667498186219 22.0 283
1667498186250 13.0 284
1667498186283 13.0 285
1667498186328 20.0 286
1667498186353 10.0 287
1667498186400 20.0 288
1667498186463 29.0 289
1667498186564 48.0 290
1667498186614 22.0 291
1667498186665 23.0 292
1667498186723 20.0 293
1667498186756 13.0 294
1667498186811 22.0 295
1667498186844 14.0 296
1667498186886 17.0 297
1667498186922 15.0 298
1667498186969 21.0 299
1667498186994 9.0 300
1667498187017 9.0 301
1667498187048 13.0 302
1667498187075 11.0 303
1667498187116 17.0 304
1667498187143 11.0 305
1667498187204 28.0 306
1667498187328 52.0 307
1667498187360 13.0 308
1667498187404 19.0 309
1667498187449 20.0 310
1667498187478 12.0 311
1667498187529 23.0 312
1667498187575 20.0 313
1667498187619 19.0 314
1667498187644 10.0 315
1667498187677 14.0 316
1667498187707 12.0 317
1667498187745 17.0 318
1667498187794 21.0 319
1667498187833 17.0 320
1667498187911 31.0 321
1667498187942 13.0 322
1667498187997 24.0 323
1667498188050 24.0 324
1667498188103 23.0 325
1667498188140 16.0 326
1667498188167 10.0 327
1667498188193 10.0 328
1667498188227 14.0 329
1667498188318 43.0 330
1667498188356 16.0 331
1667498188392 15.0 332
1667498188439 21.0 333
1667498188469 11.0 334
1667498188509 11.0 335
1667498188556 15.0 336
1667498188603 17.0 337
1667498188644 17.0 338
1667498188695 23.0 339
1667498188758 28.0 340
1667498188809 23.0 341
1667498188899 44.0 342
1667498188932 13.0 343
1667498188964 14.0 344
1667498189008 19.0 345
1667498189034 10.0 346
1667498189112 36.0 347
1667498189154 19.0 348
1667498189214 25.0 349
1667498189316 41.0 350
1667498189348 13.0 351
1667498189427 36.0 352
1667498189452 10.0 353
1667498189489 16.0 354
1667498189544 24.0 355
1667498189569 10.0 356
1667498189603 14.0 357
1667498189654 23.0 358
1667498189682 11.0 359
1667498189721 17.0 360
1667498189811 41.0 361
1667498189943 60.0 362
1667498189992 17.0 363
1667498190032 13.0 364
1667498190070 16.0 365
1667498190131 28.0 366
1667498190164 13.0 367
1667498190224 28.0 368
1667498190298 31.0 369
1667498190328 12.0 370
1667498190384 26.0 371
1667498190441 25.0 372
1667498190473 13.0 373
1667498190504 13.0 374
1667498190555 24.0 375
1667498190585 12.0 376
1667498190648 28.0 377
1667498190693 19.0 378
1667498190742 21.0 379
1667498190780 16.0 380
1667498190802 8.0 381
1667498190841 16.0 382
1667498190897 26.0 383
1667498191021 57.0 384
1667498191062 17.0 385
1667498191112 22.0 386
1667498191164 23.0 387
1667498191207 19.0 388
1667498191252 20.0 389
1667498191286 15.0 390
1667498191330 19.0 391
1667498191369 17.0 392
1667498191477 51.0 393
1667498191528 22.0 394
1667498191570 19.0 395
1667498191605 15.0 396
1667498191651 20.0 397
1667498191691 18.0 398
1667498191724 14.0 399
1667498191780 25.0 400
1667498191858 37.0 401
1667498191898 17.0 402
1667498191944 20.0 403
1667498191974 13.0 404
1667498192012 16.0 405
1667498192059 21.0 406
1667498192146 41.0 407
1667498192178 14.0 408
1667498192249 33.0 409
1667498192309 27.0 410
1667498192350 18.0 411
1667498192424 34.0 412
1667498192482 26.0 413
1667498192509 11.0 414
1667498192547 16.0 415
1667498192583 16.0 416
1667498192615 14.0 417
1667498192661 20.0 418
1667498192704 19.0 419
1667498192735 13.0 420
1667498192789 24.0 421
1667498192852 29.0 422
1667498192886 15.0 423
1667498193000 53.0 424
1667498193047 20.0 425
1667498193082 15.0 426
1667498193152 31.0 427
1667498193186 14.0 428
1667498193224 16.0 429
1667498193259 14.0 430
1667498193283 9.0 431
1667498193319 15.0 432
1667498193397 36.0 433
1667498193451 24.0 434
1667498193485 14.0 435
1667498193533 22.0 436
1667498193567 13.0 437
1667498193604 16.0 438
1667498193654 22.0 439
1667498193698 19.0 440
1667498193734 15.0 441
1667498193798 30.0 442
1667498193828 12.0 443
1667498193887 27.0 444
1667498193923 15.0 445
1667498193964 16.0 446
1667498194031 31.0 447
1667498194060 12.0 448
1667498194120 27.0 449
1667498194178 27.0 450
1667498194221 20.0 451
1667498194261 16.0 452
1667498194305 20.0 453
1667498194390 41.0 454
1667498194418 9.0 455
1667498194476 26.0 456
1667498194552 35.0 457
1667498194597 18.0 458
1667498194626 12.0 459
1667498194657 13.0 460
1667498194704 20.0 461
1667498194789 39.0 462
1667498194817 11.0 463
1667498194868 23.0 464
1667498194926 26.0 465
1667498194957 13.0 466
1667498194992 15.0 467
1667498195030 16.0 468
1667498195127 46.0 469
1667498195195 30.0 470
1667498195232 16.0 471
1667498195257 10.0 472
1667498195281 9.0 473
1667498195316 15.0 474
1667498195353 16.0 475
1667498195379 10.0 476
1667498195462 39.0 477
1667498195492 13.0 478
1667498195542 22.0 479
1667498195588 19.0 480
1667498195649 27.0 481
1667498195694 20.0 482
1667498195732 15.0 483
1667498195802 32.0 484
1667498195870 32.0 485
1667498195902 13.0 486
1667498195928 10.0 487
1667498195973 20.0 488
1667498196045 33.0 489
1667498196095 23.0 490
1667498196120 10.0 491
1667498196154 13.0 492
1667498196190 16.0 493
1667498196221 13.0 494
1667498196281 27.0 495
1667498196312 13.0 496
1667498196340 12.0 497
1667498196381 17.0 498
1667498196407 11.0 499
1667498196450 19.0 500
1667498196525 35.0 501
1667498196556 13.0 502
1667498196591 15.0 503
1667498196673 37.0 504
1667498196699 10.0 505
1667498196726 11.0 506
1667498196802 35.0 507
1667498196836 15.0 508
1667498196886 23.0 509
1667498196939 23.0 510
1667498196977 17.0 511
1667498197000 9.0 512
1667498197038 16.0 513
1667498197086 22.0 514
1667498197148 29.0 515
1667498197184 15.0 516
1667498197266 39.0 517
1667498197293 11.0 518
1667498197323 12.0 519
1667498197354 13.0 520
1667498197392 17.0 521
1667498197425 14.0 522
1667498197471 20.0 523
1667498197507 15.0 524
1667498197535 12.0 525
1667498197597 28.0 526
1667498197635 17.0 527
1667498197725 43.0 528
1667498197754 10.0 529
1667498197818 28.0 530
1667498197852 14.0 531
1667498197894 17.0 532
1667498197936 18.0 533
1667498198001 30.0 534
1667498198034 13.0 535
1667498198083 22.0 536
1667498198109 10.0 537
1667498198147 16.0 538
1667498198177 13.0 539
1667498198231 25.0 540
1667498198362 64.0 541
1667498198385 9.0 542
1667498198431 21.0 543
1667498198482 23.0 544
1667498198574 44.0 545
1667498198605 13.0 546
1667498198635 12.0 547
1667498198679 20.0 548
1667498198753 35.0 549
1667498198802 21.0 550
1667498198833 13.0 551
1667498198884 21.0 552
1667498198945 26.0 553
1667498198985 18.0 554
1667498199023 17.0 555
1667498199120 46.0 556
1667498199151 13.0 557
1667498199184 14.0 558
1667498199248 29.0 559
1667498199306 25.0 560
1667498199355 16.0 561
1667498199387 13.0 562
1667498199413 10.0 563
1667498199475 29.0 564
1667498199506 12.0 565
1667498199542 16.0 566
1667498199583 18.0 567
1667498199668 40.0 568
1667498199709 17.0 569
1667498199740 13.0 570
1667498199787 20.0 571
1667498199869 37.0 572
1667498199906 15.0 573
1667498199982 35.0 574
1667498200009 11.0 575
1667498200036 11.0 576
1667498200063 11.0 577
1667498200171 51.0 578
1667498200205 14.0 579
1667498200274 32.0 580
1667498200365 43.0 581
1667498200399 14.0 582
1667498200620 111.0 583
1667498200680 26.0 584
1667498200712 12.0 585
1667498200747 15.0 586
1667498200861 55.0 587
1667498200889 11.0 588
1667498200968 37.0 589
1667498201021 23.0 590
1667498201065 20.0 591
1667498201133 32.0 592
1667498201180 21.0 593
1667498201213 14.0 594
1667498201263 22.0 595
1667498201330 30.0 596
1667498201353 9.0 597
1667498201516 80.0 598
1667498201560 19.0 599
1667498201613 24.0 600
1667498201744 64.0 601
1667498201801 26.0 602
1667498201845 19.0 603
1667498201924 36.0 604
1667498201953 12.0 605
1667498201989 15.0 606
1667498202029 17.0 607
1667498202051 9.0 608
1667498202106 25.0 609
1667498202201 45.0 610
1667498202264 28.0 611
1667498202297 14.0 612
1667498202333 15.0 613
1667498202358 10.0 614
1667498202412 24.0 615
1667498202460 21.0 616
1667498202514 24.0 617
1667498202539 10.0 618
1667498202599 27.0 619
1667498202637 16.0 620
1667498202666 12.0 621
1667498202735 32.0 622
1667498202793 27.0 623
1667498202819 10.0 624
1667498202856 15.0 625
1667498202881 10.0 626
1667498202910 12.0 627
1667498202992 39.0 628
1667498203030 16.0 629
1667498203074 20.0 630
1667498203177 50.0 631
1667498203225 21.0 632
1667498203251 11.0 633
1667498203319 32.0 634
1667498203357 16.0 635
1667498203393 16.0 636
1667498203421 12.0 637
1667498203488 31.0 638
1667498203532 19.0 639
1667498203556 10.0 640
1667498203616 27.0 641
1667498203695 38.0 642
1667498203756 28.0 643
1667498203782 10.0 644
1667498203815 14.0 645
1667498203858 19.0 646
1667498203946 41.0 647
1667498203989 19.0 648
1667498204017 11.0 649
1667498204059 18.0 650
1667498204107 22.0 651
1667498204137 12.0 652
1667498204169 12.0 653
1667498204203 14.0 654
1667498204251 21.0 655
1667498204293 17.0 656
1667498204350 24.0 657
1667498204376 10.0 658
1667498204431 25.0 659
1667498204466 15.0 660
1667498204510 20.0 661
1667498204538 11.0 662
1667498204584 21.0 663
1667498204656 33.0 664
1667498204691 14.0 665
1667498204721 12.0 666
1667498204766 19.0 667
1667498204797 12.0 668
1667498204821 9.0 669
1667498204855 14.0 670
1667498204881 10.0 671
1667498204916 14.0 672
1667498204940 10.0 673
1667498204972 13.0 674
1667498205030 27.0 675
1667498205071 17.0 676
1667498205120 21.0 677
1667498205153 14.0 678
1667498205215 28.0 679
1667498205245 13.0 680
1667498205272 11.0 681
1667498205308 15.0 682
1667498205333 10.0 683
1667498205370 16.0 684
1667498205415 20.0 685
1667498205460 20.0 686
1667498205506 21.0 687
1667498205545 17.0 688
1667498205588 19.0 689
1667498205646 26.0 690
1667498205674 11.0 691
1667498205749 32.0 692
1667498205776 11.0 693
1667498205823 19.0 694
1667498205854 11.0 695
1667498205903 21.0 696
1667498205937 14.0 697
1667498205966 11.0 698
1667498205991 10.0 699
1667498206032 17.0 700
1667498206131 47.0 701
1667498206177 19.0 702
1667498206217 11.0 703
1667498206256 17.0 704
1667498206306 21.0 705
1667498206345 16.0 706
1667498206400 23.0 707
1667498206448 19.0 708
1667498206482 13.0 709
1667498206617 56.0 710
1667498206705 41.0 711
1667498206754 22.0 712
1667498206833 37.0 713
1667498206868 14.0 714
1667498206917 22.0 715
1667498206968 23.0 716
1667498207016 20.0 717
1667498207045 12.0 718
1667498207131 40.0 719
1667498207170 17.0 720
1667498207205 15.0 721
1667498207234 12.0 722
1667498207270 15.0 723
1667498207337 31.0 724
1667498207375 16.0 725
1667498207413 16.0 726
1667498207451 17.0 727
1667498207488 16.0 728
1667498207516 11.0 729
1667498207551 15.0 730
1667498207580 12.0 731
1667498207713 64.0 732
1667498207826 53.0 733
1667498207867 18.0 734
1667498207905 16.0 735
1667498207976 32.0 736
1667498208009 14.0 737
1667498208054 19.0 738
1667498208085 13.0 739
1667498208121 15.0 740
1667498208193 33.0 741
1667498208260 30.0 742
1667498208315 25.0 743
1667498208376 26.0 744
1667498208418 13.0 745
1667498208489 24.0 746
1667498208521 11.0 747
1667498208569 20.0 748
1667498208606 16.0 749
1667498208652 20.0 750
1667498208683 12.0 751
1667498208718 15.0 752
1667498208766 21.0 753
1667498208799 13.0 754
1667498208831 13.0 755
1667498208899 32.0 756
1667498208988 41.0 757
1667498209020 13.0 758
1667498209077 26.0 759
1667498209159 38.0 760
1667498209222 29.0 761
1667498209250 12.0 762
1667498209315 30.0 763
1667498209349 14.0 764
1667498209413 30.0 765
1667498209496 39.0 766
1667498209607 54.0 767
1667498209663 21.0 768
1667498209706 14.0 769
1667498209732 10.0 770
1667498209761 11.0 771
1667498209792 13.0 772
1667498209836 19.0 773
1667498209922 39.0 774
1667498209946 9.0 775
1667498209978 13.0 776
1667498210009 12.0 777
1667498210060 23.0 778
1667498210123 29.0 779
1667498210200 37.0 780
1667498210231 13.0 781
1667498210268 16.0 782
1667498210383 56.0 783
1667498210416 14.0 784
1667498210459 19.0 785
1667498210496 16.0 786
1667498210551 25.0 787
1667498210597 21.0 788
1667498210655 26.0 789
1667498210689 15.0 790
1667498210727 16.0 791
1667498210761 14.0 792
1667498210863 49.0 793
1667498210904 18.0 794
1667498211059 75.0 795
1667498211131 33.0 796
1667498211165 14.0 797
1667498211215 22.0 798
1667498211394 87.0 799
1667498211425 12.0 800
1667498211473 21.0 801
1667498211516 19.0 802
1667498211548 13.0 803
1667498211589 18.0 804
1667498211650 24.0 805
1667498211704 19.0 806
