1667492889005 10.0 0
1667492889341 74.0 1
1667492889595 40.0 2
1667492889680 24.0 3
1667492889735 14.0 4
1667492889847 28.0 5
1667492889880 9.0 6
1667492889946 22.0 7
1667492890005 22.0 8
1667492890038 10.0 9
1667492890096 21.0 10
1667492890147 17.0 11
1667492890355 68.0 12
1667492890391 11.0 13
1667492890425 10.0 14
1667492890466 16.0 15
1667492890513 19.0 16
1667492890552 15.0 17
1667492890589 15.0 18
1667492890612 8.0 19
1667492890682 29.0 20
1667492890720 15.0 21
1667492890780 24.0 22
1667492890836 23.0 23
1667492890870 13.0 24
1667492890901 12.0 25
1667492890961 26.0 26
1667492891001 16.0 27
1667492891088 37.0 28
1667492891124 13.0 29
1667492891150 9.0 30
1667492891185 14.0 31
1667492891221 15.0 32
1667492891274 23.0 33
1667492891350 32.0 34
1667492891421 29.0 35
1667492891456 12.0 36
1667492891496 15.0 37
1667492891541 19.0 38
1667492891627 37.0 39
1667492891679 20.0 40
1667492891723 18.0 41
1667492891764 16.0 42
1667492891829 27.0 43
1667492891864 14.0 44
1667492891935 31.0 45
1667492891970 13.0 46
1667492892028 25.0 47
1667492892091 27.0 48
1667492892126 13.0 49
1667492892166 16.0 50
1667492892193 10.0 51
1667492892257 26.0 52
1667492892300 18.0 53
1667492892383 36.0 54
1667492892416 12.0 55
1667492892446 12.0 56
1667492892474 11.0 57
1667492892522 20.0 58
1667492892585 26.0 59
1667492892634 20.0 60
1667492892671 15.0 61
1667492892704 12.0 62
1667492892738 12.0 63
1667492892775 13.0 64
1667492892821 16.0 65
1667492892860 14.0 66
1667492892902 18.0 67
1667492892947 18.0 68
1667492892975 11.0 69
1667492893052 33.0 70
1667492893084 12.0 71
1667492893140 23.0 72
1667492893172 13.0 73
1667492893202 11.0 74
1667492893251 20.0 75
1667492893338 38.0 76
1667492893380 16.0 77
1667492893419 16.0 78
1667492893447 11.0 79
1667492893496 20.0 80
1667492893531 14.0 81
1667492893597 29.0 82
1667492893642 18.0 83
1667492893760 54.0 84
1667492893793 13.0 85
1667492893827 13.0 86
1667492893871 19.0 87
1667492893931 25.0 88
1667492893959 10.0 89
1667492893991 13.0 90
1667492894023 12.0 91
1667492894058 14.0 92
1667492894088 11.0 93
1667492894162 27.0 94
1667492894186 9.0 95
1667492894232 17.0 96
1667492894259 10.0 97
1667492894292 13.0 98
1667492894385 40.0 99
1667492894479 41.0 100
1667492894551 31.0 101
1667492894603 21.0 102
1667492894635 12.0 103
1667492894672 15.0 104
1667492894800 59.0 105
1667492894836 14.0 106
1667492894883 20.0 107
1667492894946 26.0 108
1667492894981 14.0 109
1667492895055 32.0 110
1667492895135 34.0 111
1667492895168 13.0 112
1667492895229 25.0 113
1667492895279 21.0 114
1667492895310 11.0 115
1667492895335 9.0 116
1667492895375 16.0 117
1667492895425 21.0 118
1667492895465 15.0 119
1667492895502 15.0 120
1667492895534 13.0 121
1667492895596 25.0 122
1667492895661 28.0 123
1667492895720 25.0 124
1667492895754 12.0 125
1667492895807 22.0 126
1667492895848 16.0 127
1667492895883 13.0 128
1667492895962 34.0 129
1667492896050 39.0 130
1667492896078 9.0 131
1667492896141 27.0 132
1667492896179 15.0 133
1667492896260 35.0 134
1667492896299 16.0 135
1667492896417 54.0 136
1667492896463 18.0 137
1667492896516 22.0 138
1667492896589 32.0 139
1667492896642 21.0 140
1667492896672 12.0 141
1667492896725 22.0 142
1667492896786 26.0 143
1667492896826 16.0 144
1667492896910 37.0 145
1667492897006 43.0 146
1667492897057 20.0 147
1667492897096 16.0 148
1667492897184 39.0 149
1667492897234 20.0 150
1667492897291 24.0 151
1667492897333 17.0 152
1667492897454 55.0 153
1667492897592 61.0 154
1667492897621 11.0 155
1667492897725 45.0 156
1667492897767 17.0 157
1667492897796 11.0 158
1667492897863 29.0 159
1667492897894 12.0 160
1667492897933 15.0 161
1667492897969 15.0 162
1667492898028 25.0 163
1667492898075 18.0 164
1667492898138 26.0 165
1667492898183 18.0 166
1667492898222 15.0 167
1667492898259 15.0 168
1667492898297 14.0 169
1667492898353 21.0 170
1667492898567 99.0 171
1667492898597 10.0 172
1667492898647 21.0 173
1667492898677 11.0 174
1667492898715 15.0 175
1667492898746 12.0 176
1667492898810 27.0 177
1667492898875 26.0 178
1667492899000 56.0 179
1667492899069 31.0 180
1667492899129 23.0 181
1667492899156 10.0 182
1667492899223 28.0 183
1667492899295 31.0 184
1667492899496 92.0 185
1667492899564 29.0 186
1667492899614 21.0 187
1667492899654 16.0 188
1667492899740 35.0 189
1667492899820 25.0 190
1667492899880 22.0 191
1667492900016 59.0 192
1667492900070 22.0 193
1667492900147 31.0 194
1667492900292 62.0 195
1667492900344 20.0 196
1667492900380 14.0 197
1667492900414 13.0 198
1667492900475 25.0 199
1667492900535 24.0 200
1667492900613 32.0 201
1667492900662 20.0 202
1667492900710 19.0 203
1667492900744 13.0 204
1667492900800 24.0 205
1667492900908 46.0 206
1667492900938 11.0 207
1667492901026 37.0 208
1667492901120 42.0 209
1667492901215 41.0 210
1667492901265 21.0 211
1667492901301 14.0 212
1667492901408 47.0 213
1667492901469 25.0 214
1667492901500 12.0 215
1667492901565 28.0 216
1667492901662 41.0 217
1667492901729 29.0 218
1667492901821 41.0 219
1667492901874 22.0 220
1667492901933 24.0 221
1667492901985 19.0 222
1667492902018 12.0 223
1667492902127 45.0 224
1667492902244 45.0 225
1667492902277 13.0 226
1667492902348 29.0 227
1667492902408 26.0 228
1667492902477 29.0 229
1667492902558 36.0 230
1667492902687 57.0 231
1667492902768 35.0 232
1667492902808 15.0 233
1667492902909 45.0 234
1667492902967 24.0 235
1667492903018 18.0 236
1667492903057 15.0 237
1667492903093 12.0 238
1667492903151 22.0 239
1667492903293 60.0 240
1667492903379 38.0 241
1667492903422 17.0 242
1667492903476 22.0 243
1667492903526 20.0 244
1667492903570 16.0 245
1667492903600 11.0 246
1667492903669 29.0 247
1667492903740 29.0 248
1667492903887 58.0 249
1667492904022 60.0 250
1667492904125 45.0 251
1667492904179 22.0 252
1667492904257 34.0 253
1667492904317 25.0 254
1667492904410 41.0 255
1667492904478 29.0 256
1667492904514 14.0 257
1667492904654 62.0 258
1667492904774 46.0 259
1667492904923 63.0 260
1667492905071 64.0 261
1667492905115 16.0 262
1667492905184 29.0 263
1667492905287 44.0 264
1667492905408 53.0 265
1667492905487 33.0 266
1667492905543 23.0 267
1667492905630 37.0 268
1667492905700 31.0 269
1667492905780 33.0 270
1667492905860 32.0 271
1667492906003 57.0 272
1667492906133 57.0 273
1667492906249 43.0 274
1667492906335 30.0 275
1667492906475 53.0 276
1667492906504 9.0 277
1667492906642 56.0 278
1667492906736 42.0 279
1667492906836 45.0 280
1667492906969 61.0 281
1667492907054 37.0 282
1667492907237 85.0 283
1667492907525 125.0 284
1667492907595 29.0 285
1667492907664 30.0 286
1667492907755 39.0 287
1667492908044 127.0 288
1667492908113 29.0 289
1667492908160 18.0 290
1667492908253 39.0 291
1667492908321 29.0 292
1667492908405 36.0 293
1667492908518 47.0 294
1667492908613 41.0 295
1667492908675 26.0 296
1667492908832 66.0 297
1667492908954 49.0 298
1667492909067 45.0 299
1667492909140 31.0 300
1667492909262 54.0 301
1667492909384 48.0 302
1667492909496 48.0 303
1667492909591 40.0 304
1667492909906 136.0 305
1667492910027 53.0 306
1667492910266 111.0 307
1667492910338 30.0 308
1667492910427 40.0 309
1667492910542 51.0 310
1667492910650 48.0 311
1667492910716 28.0 312
1667492910758 17.0 313
1667492910921 75.0 314
1667492911066 66.0 315
1667492911147 35.0 316
1667492911295 68.0 317
1667492911377 32.0 318
1667492911471 39.0 319
1667492911568 38.0 320
1667492911702 60.0 321
1667492911851 64.0 322
1667492912037 74.0 323
1667492912101 20.0 324
1667492912195 42.0 325
1667492912261 28.0 326
1667492912323 27.0 327
1667492912508 87.0 328
1667492912687 82.0 329
1667492912794 49.0 330
1667492912841 19.0 331
1667492912979 64.0 332
1667492913276 143.0 333
1667492913424 68.0 334
1667492913591 77.0 335
1667492913782 88.0 336
1667492914136 168.0 337
1667492914216 34.0 338
1667492914331 52.0 339
1667492914464 60.0 340
1667492914509 18.0 341
1667492914565 24.0 342
1667492914648 36.0 343
1667492914793 68.0 344
1667492914899 47.0 345
1667492914988 39.0 346
1667492915065 21.0 347
1667492915155 39.0 348
1667492915251 42.0 349
1667492915393 65.0 350
1667492915505 50.0 351
1667492915552 20.0 352
1667492915822 128.0 353
1667492915912 38.0 354
1667492916024 36.0 355
1667492916198 79.0 356
1667492916284 37.0 357
1667492916384 44.0 358
1667492916496 49.0 359
1667492916539 17.0 360
1667492916671 59.0 361
1667492916927 119.0 362
1667492917236 146.0 363
1667492917284 19.0 364
1667492917385 45.0 365
1667492917458 30.0 366
1667492917664 94.0 367
1667492917941 126.0 368
1667492918079 62.0 369
1667492918199 52.0 370
1667492918583 178.0 371
1667492918663 33.0 372
1667492918984 147.0 373
1667492919345 172.0 374
1667492919398 21.0 375
1667492919697 141.0 376
1667492919822 57.0 377
1667492919921 44.0 378
1667492920038 52.0 379
1667492920288 114.0 380
1667492920517 106.0 381
1667492920617 44.0 382
1667492920860 114.0 383
1667492921230 173.0 384
1667492921338 47.0 385
1667492921569 107.0 386
1667492921917 163.0 387
1667492922023 47.0 388
1667492922198 81.0 389
1667492922287 39.0 390
1667492922745 219.0 391
1667492922881 60.0 392
1667492922953 31.0 393
1667492923194 114.0 394
1667492923301 46.0 395
1667492923473 78.0 396
1667492923771 139.0 397
1667492923990 100.0 398
1667492924303 146.0 399
1667492924620 149.0 400
1667492924751 60.0 401
1667492924960 98.0 402
1667492925034 32.0 403
1667492925270 112.0 404
1667492925606 158.0 405
1667492925841 112.0 406
1667492926138 100.0 407
1667492926286 67.0 408
1667492926455 77.0 409
1667492926544 39.0 410
1667492926698 70.0 411
1667492926734 14.0 412
1667492926957 102.0 413
1667492927255 139.0 414
1667492927461 94.0 415
1667492927530 29.0 416
1667492927757 105.0 417
1667492927942 84.0 418
1667492927979 14.0 419
1667492928293 146.0 420
1667492928608 146.0 421
1667492928829 102.0 422
1667492928971 65.0 423
1667492929215 114.0 424
1667492929414 90.0 425
1667492929787 171.0 426
1667492929940 68.0 427
1667492930218 129.0 428
1667492930637 192.0 429
1667492930843 93.0 430
1667492930907 26.0 431
1667492931207 140.0 432
1667492931351 65.0 433
1667492931446 41.0 434
1667492931884 206.0 435
1667492932004 53.0 436
1667492932106 45.0 437
1667492932301 90.0 438
1667492932657 164.0 439
1667492933052 181.0 440
1667492933095 16.0 441
1667492933502 190.0 442
1667492933634 58.0 443
1667492933719 37.0 444
1667492933971 119.0 445
1667492934136 75.0 446
1667492934415 131.0 447
1667492934911 235.0 448
1667492935297 182.0 449
1667492935376 34.0 450
1667492935424 21.0 451
1667492935795 174.0 452
1667492935965 58.0 453
1667492936185 89.0 454
1667492936586 188.0 455
1667492937013 200.0 456
1667492937232 101.0 457
1667492937376 65.0 458
1667492937583 97.0 459
1667492937707 55.0 460
1667492937813 48.0 461
1667492938264 218.0 462
1667492938645 182.0 463
1667492938837 88.0 464
1667492939356 251.0 465
1667492939645 135.0 466
1667492939747 44.0 467
1667492939926 83.0 468
1667492940263 160.0 469
1667492940562 135.0 470
1667492940954 181.0 471
1667492941114 69.0 472
1667492941226 48.0 473
1667492941582 165.0 474
1667492941831 113.0 475
1667492942647 379.0 476
1667492943080 202.0 477
1667492943446 171.0 478
1667492943533 37.0 479
1667492943791 122.0 480
1667492944001 97.0 481
1667492944144 65.0 482
1667492944286 65.0 483
1667492944465 82.0 484
1667492944705 111.0 485
1667492944925 102.0 486
1667492945054 58.0 487
1667492945242 86.0 488
1667492945781 259.0 489
1667492946267 205.0 490
1667492946452 83.0 491
1667492946644 88.0 492
1667492946832 87.0 493
1667492946939 47.0 494
1667492947059 53.0 495
1667492947372 146.0 496
1667492947809 206.0 497
1667492948011 92.0 498
1667492948171 73.0 499
1667492948565 186.0 500
1667492948818 118.0 501
1667492949047 106.0 502
1667492949316 127.0 503
1667492949504 86.0 504
1667492949699 89.0 505
1667492949927 102.0 506
1667492950410 230.0 507
1667492950656 113.0 508
1667492950867 96.0 509
1667492950957 39.0 510
1667492951349 186.0 511
1667492952114 354.0 512
1667492952433 148.0 513
1667492952943 241.0 514
1667492953199 118.0 515
1667492953361 76.0 516
1667492953716 167.0 517
1667492953852 60.0 518
1667492954012 73.0 519
1667492954449 203.0 520
1667492954530 34.0 521
1667492954687 74.0 522
1667492954914 106.0 523
1667492955111 93.0 524
1667492955352 113.0 525
1667492955685 158.0 526
1667492956150 187.0 527
1667492956652 236.0 528
1667492957469 389.0 529
1667492957922 213.0 530
1667492958392 222.0 531
1667492959021 300.0 532
1667492959648 295.0 533
1667492959933 131.0 534
1667492960331 187.0 535
1667492960484 69.0 536
1667492960957 224.0 537
1667492961435 228.0 538
1667492961674 110.0 539
1667492961983 146.0 540
1667492962494 245.0 541
1667492962842 163.0 542
1667492963174 156.0 543
1667492963534 171.0 544
1667492963708 80.0 545
1667492964256 250.0 546
1667492964724 217.0 547
1667492965084 170.0 548
1667492965360 124.0 549
1667492965980 275.0 550
1667492966538 262.0 551
1667492966939 188.0 552
1667492967443 239.0 553
1667492967491 18.0 554
1667492968031 258.0 555
1667492968493 218.0 556
1667492969033 258.0 557
1667492969217 83.0 558
1667492969673 215.0 559
1667492969802 57.0 560
1667492970335 254.0 561
1667492970900 266.0 562
1667492971455 263.0 563
1667492971892 205.0 564
1667492972722 386.0 565
1667492973175 213.0 566
1667492973639 222.0 567
1667492974034 189.0 568
1667492974208 79.0 569
1667492974813 289.0 570
1667492975280 220.0 571
1667492975637 170.0 572
1667492975918 131.0 573
1667492976334 169.0 574
1667492976592 120.0 575
1667492976979 183.0 576
1667492977756 364.0 577
1667492977904 63.0 578
1667492978445 254.0 579
1667492979108 311.0 580
1667492979721 289.0 581
1667492980403 326.0 582
1667492980842 196.0 583
1667492980999 70.0 584
1667492981496 238.0 585
1667492982140 299.0 586
1667492982710 266.0 587
1667492983229 245.0 588
1667492983633 193.0 589
1667492984009 175.0 590
1667492984266 118.0 591
1667492984448 82.0 592
1667492985283 392.0 593
1667492985681 180.0 594
1667492986279 247.0 595
1667492986602 148.0 596
1667492986949 158.0 597
1667492987634 317.0 598
1667492988241 283.0 599
1667492989052 381.0 600
1667492989569 240.0 601
1667492990428 405.0 602
1667492991032 279.0 603
1667492991428 183.0 604
1667492992232 378.0 605
1667492992975 345.0 606
1667492993530 259.0 607
1667492994002 219.0 608
1667492994528 245.0 609
1667492995146 289.0 610
1667492995292 64.0 611
1667492995632 158.0 612
1667492995807 79.0 613
1667492996488 290.0 614
1667492996959 210.0 615
1667492997367 194.0 616
1667492997782 193.0 617
1667492997909 57.0 618
1667492998474 265.0 619
1667492999332 410.0 620
1667492999941 288.0 621
1667493000546 286.0 622
1667493000929 180.0 623
1667493001754 393.0 624
1667493002241 230.0 625
1667493002658 196.0 626
1667493003187 252.0 627
1667493003424 111.0 628
1667493003804 179.0 629
1667493004288 229.0 630
1667493004983 331.0 631
1667493005482 235.0 632
1667493006068 247.0 633
1667493006502 204.0 634
1667493007455 447.0 635
1667493007889 197.0 636
1667493008169 128.0 637
1667493008970 377.0 638
1667493009154 82.0 639
1667493010203 500.0 640
1667493010874 310.0 641
1667493011058 82.0 642
1667493011322 123.0 643
1667493012331 487.0 644
1667493012774 207.0 645
1667493013246 222.0 646
1667493014283 500.0 647
1667493015029 353.0 648
1667493015904 418.0 649
1667493016732 367.0 650
1667493017763 486.0 651
1667493018064 134.0 652
1667493018814 357.0 653
1667493019858 500.0 654
1667493020222 167.0 655
1667493020808 280.0 656
1667493021672 410.0 657
1667493022269 282.0 658
1667493022882 286.0 659
1667493023074 85.0 660
1667493023677 286.0 661
1667493024165 227.0 662
1667493024570 190.0 663
1667493025124 259.0 664
1667493025562 202.0 665
1667493026121 230.0 666
1667493026637 244.0 667
1667493027025 182.0 668
1667493027507 232.0 669
1667493027940 204.0 670
1667493028388 212.0 671
1667493028899 244.0 672
1667493029238 161.0 673
1667493029565 154.0 674
1667493029942 178.0 675
1667493030489 262.0 676
1667493030893 191.0 677
1667493031058 74.0 678
1667493031830 369.0 679
1667493032250 194.0 680
1667493032587 158.0 681
1667493032997 192.0 682
1667493033389 185.0 683
1667493034036 305.0 684
1667493034537 233.0 685
1667493034948 192.0 686
1667493035264 148.0 687
1667493035725 218.0 688
1667493036143 164.0 689
1667493036684 261.0 690
1667493036833 66.0 691
1667493037555 349.0 692
1667493038443 419.0 693
1667493038958 236.0 694
1667493039672 333.0 695
1667493040079 185.0 696
1667493041012 422.0 697
1667493041864 402.0 698
1667493042314 210.0 699
1667493042998 319.0 700
1667493043282 128.0 701
1667493044157 413.0 702
1667493044658 230.0 703
1667493045701 490.0 704
1667493046268 215.0 705
1667493047118 405.0 706
1667493047449 151.0 707
1667493047828 177.0 708
1667493048448 296.0 709
1667493049519 500.0 710
1667493049773 111.0 711
1667493050249 220.0 712
1667493051170 431.0 713
1667493052250 500.0 714
1667493052948 329.0 715
1667493053254 140.0 716
1667493053610 166.0 717
1667493053811 92.0 718
1667493054787 464.0 719
1667493055133 155.0 720
1667493055722 277.0 721
1667493056112 136.0 722
1667493056932 385.0 723
1667493057339 186.0 724
1667493057923 268.0 725
1667493058551 294.0 726
1667493059053 234.0 727
1667493059463 188.0 728
1667493060528 500.0 729
1667493061613 500.0 730
1667493062421 377.0 731
1667493063089 312.0 732
1667493064010 442.0 733
1667493064382 170.0 734
1667493064814 201.0 735
1667493065253 203.0 736
1667493066402 500.0 737
1667493066901 233.0 738
1667493067572 317.0 739
1667493068191 289.0 740
1667493068857 311.0 741
1667493069632 364.0 742
1667493069875 108.0 743
1667493070944 500.0 744
1667493071761 379.0 745
1667493072510 354.0 746
1667493073273 361.0 747
1667493074065 376.0 748
1667493074822 358.0 749
1667493075575 355.0 750
1667493076287 298.0 751
1667493076644 168.0 752
1667493077023 178.0 753
1667493077548 250.0 754
1667493078491 454.0 755
1667493079157 316.0 756
1667493079665 234.0 757
1667493080407 353.0 758
1667493080998 282.0 759
1667493081673 326.0 760
1667493082447 359.0 761
1667493083303 400.0 762
1667493083921 284.0 763
1667493084327 183.0 764
1667493085222 413.0 765
1667493085974 325.0 766
1667493086724 334.0 767
1667493087235 238.0 768
1667493087404 75.0 769
1667493087847 205.0 770
1667493088389 253.0 771
1667493089148 360.0 772
1667493089392 112.0 773
1667493089915 248.0 774
1667493090352 204.0 775
1667493090773 199.0 776
1667493091261 227.0 777
1667493091796 250.0 778
1667493092274 223.0 779
1667493092956 318.0 780
1667493093668 332.0 781
1667493094074 190.0 782
1667493094710 296.0 783
1667493095275 269.0 784
1667493095824 258.0 785
1667493096637 348.0 786
1667493097463 377.0 787
1667493098043 273.0 788
1667493098506 221.0 789
1667493099113 293.0 790
1667493100162 500.0 791
1667493100670 234.0 792
1667493101728 500.0 793
1667493102734 453.0 794
1667493103398 308.0 795
1667493103901 235.0 796
1667493104582 323.0 797
1667493105629 500.0 798
1667493106767 500.0 799
1667493107385 287.0 800
1667493108425 500.0 801
1667493108873 205.0 802
1667493109175 140.0 803
1667493109954 370.0 804
1667493110219 120.0 805
1667493111274 500.0 806
1667493112362 500.0 807
1667493112818 211.0 808
1667493113873 500.0 809
1667493114919 500.0 810
1667493115629 337.0 811
1667493116765 500.0 812
1667493117820 500.0 813
1667493118886 500.0 814
1667493119953 500.0 815
1667493120721 353.0 816
1667493121423 327.0 817
1667493121962 248.0 818
1667493122586 295.0 819
1667493123248 310.0 820
1667493123521 125.0 821
1667493124243 332.0 822
1667493124846 283.0 823
1667493125901 500.0 824
1667493127024 500.0 825
1667493127614 274.0 826
1667493128219 284.0 827
1667493128898 311.0 828
1667493129736 388.0 829
1667493130458 329.0 830
1667493131541 500.0 831
1667493132100 258.0 832
1667493132471 170.0 833
1667493133536 500.0 834
1667493134616 500.0 835
1667493135693 500.0 836
1667493136832 500.0 837
1667493137826 471.0 838
1667493138746 431.0 839
1667493139786 500.0 840
1667493140175 178.0 841
1667493140981 386.0 842
1667493141919 458.0 843
1667493142919 486.0 844
1667493143954 500.0 845
1667493144888 445.0 846
1667493145855 466.0 847
1667493146364 202.0 848
1667493147373 488.0 849
1667493147791 189.0 850
1667493148120 153.0 851
1667493148352 109.0 852
1667493149231 419.0 853
1667493150277 500.0 854
1667493151317 500.0 855
1667493152364 500.0 856
1667493153415 500.0 857
1667493154495 500.0 858
1667493155694 500.0 859
1667493156866 500.0 860
1667493158007 500.0 861
1667493158658 296.0 862
1667493159737 500.0 863
1667493160828 500.0 864
1667493161547 324.0 865
1667493162625 500.0 866
1667493163642 467.0 867
1667493163988 159.0 868
1667493165016 500.0 869
1667493166141 500.0 870
1667493167222 500.0 871
1667493168213 456.0 872
1667493169298 500.0 873
1667493170390 500.0 874
1667493171243 395.0 875
1667493172305 500.0 876
1667493173382 500.0 877
1667493174435 500.0 878
1667493175476 500.0 879
1667493176629 500.0 880
1667493177678 500.0 881
1667493178724 500.0 882
1667493179782 500.0 883
1667493180824 500.0 884
1667493181873 500.0 885
1667493182916 500.0 886
1667493183782 414.0 887
1667493184821 500.0 888
1667493185855 500.0 889
1667493186987 500.0 890
1667493187502 237.0 891
1667493188545 500.0 892
1667493189602 500.0 893
1667493190278 312.0 894
1667493191254 467.0 895
1667493191959 336.0 896
1667493193034 500.0 897
1667493194099 500.0 898
1667493195122 478.0 899
1667493196285 500.0 900
1667493197355 500.0 901
1667493198429 500.0 902
1667493199117 313.0 903
1667493200065 449.0 904
1667493201128 500.0 905
1667493202192 500.0 906
1667493202677 225.0 907
1667493203737 500.0 908
1667493204803 500.0 909
1667493205819 476.0 910
1667493206966 500.0 911
1667493207596 294.0 912
1667493208566 461.0 913
1667493209629 500.0 914
1667493210572 442.0 915
1667493211617 489.0 916
1667493212688 500.0 917
1667493213331 296.0 918
1667493213956 289.0 919
1667493214375 193.0 920
1667493215434 500.0 921
1667493216593 500.0 922
1667493217654 500.0 923
1667493218714 500.0 924
1667493219793 500.0 925
1667493220638 391.0 926
1667493221696 500.0 927
1667493222749 500.0 928
1667493223813 500.0 929
1667493224674 402.0 930
1667493225738 500.0 931
1667493226893 500.0 932
1667493227844 445.0 933
1667493228415 267.0 934
1667493229465 500.0 935
1667493230541 500.0 936
1667493231610 500.0 937
1667493232348 344.0 938
1667493233404 500.0 939
1667493233913 229.0 940
1667493234967 500.0 941
1667493235873 422.0 942
1667493237022 500.0 943
1667493238094 500.0 944
1667493239170 500.0 945
1667493240244 500.0 946
1667493241307 500.0 947
1667493241721 191.0 948
1667493242487 330.0 949
1667493243543 500.0 950
1667493244599 500.0 951
1667493245661 500.0 952
1667493246801 500.0 953
1667493247874 500.0 954
1667493248934 500.0 955
1667493249994 500.0 956
1667493251061 500.0 957
1667493251984 433.0 958
1667493252641 306.0 959
1667493253392 352.0 960
1667493254452 500.0 961
1667493255520 500.0 962
1667493256682 500.0 963
1667493257738 500.0 964
1667493258807 500.0 965
1667493259463 297.0 966
1667493260344 402.0 967
1667493260738 176.0 968
1667493261840 500.0 969
1667493262913 500.0 970
1667493263965 500.0 971
1667493265036 500.0 972
1667493266184 500.0 973
1667493267105 438.0 974
1667493268157 500.0 975
1667493269209 500.0 976
1667493270272 500.0 977
1667493271357 499.0 978
1667493272371 474.0 979
1667493273431 500.0 980
1667493274404 459.0 981
1667493275092 321.0 982
1667493276055 402.0 983
1667493276899 392.0 984
1667493277694 374.0 985
1667493278191 234.0 986
1667493279215 489.0 987
1667493279960 348.0 988
1667493280494 246.0 989
1667493281559 500.0 990
1667493282285 334.0 991
1667493282950 314.0 992
1667493284004 500.0 993
1667493285050 500.0 994
1667493286174 500.0 995
1667493287122 444.0 996
1667493288194 500.0 997
1667493289280 500.0 998
1667493290347 500.0 999
1667493291415 500.0 1000
1667493291757 152.0 1001
1667493292810 500.0 1002
1667493293861 500.0 1003
1667493294915 500.0 1004
1667493296054 500.0 1005
1667493297117 500.0 1006
1667493298146 478.0 1007
1667493299221 500.0 1008
1667493300285 500.0 1009
1667493300923 292.0 1010
1667493301996 500.0 1011
1667493302724 341.0 1012
1667493303427 330.0 1013
1667493303730 137.0 1014
1667493304781 500.0 1015
1667493305843 500.0 1016
1667493307008 500.0 1017
1667493308073 500.0 1018
1667493309147 500.0 1019
1667493309904 351.0 1020
1667493310358 209.0 1021
1667493311210 401.0 1022
1667493312012 379.0 1023
1667493312620 279.0 1024
1667493313007 177.0 1025
1667493313902 418.0 1026
1667493314440 248.0 1027
1667493315512 500.0 1028
1667493316087 227.0 1029
1667493316439 164.0 1030
1667493316873 201.0 1031
1667493317515 306.0 1032
1667493318513 475.0 1033
1667493319031 239.0 1034
1667493319292 119.0 1035
1667493320120 391.0 1036
1667493320439 145.0 1037
1667493320679 110.0 1038
1667493320996 148.0 1039
1667493321530 252.0 1040
1667493322581 500.0 1041
1667493323119 248.0 1042
1667493323293 79.0 1043
1667493324201 435.0 1044
1667493324825 293.0 1045
1667493325196 173.0 1046
1667493326125 400.0 1047
1667493326695 263.0 1048
1667493327755 500.0 1049
1667493328403 299.0 1050
1667493329471 500.0 1051
1667493330536 500.0 1052
1667493331596 500.0 1053
1667493332639 500.0 1054
1667493333681 500.0 1055
1667493334060 175.0 1056
1667493335084 500.0 1057
1667493336210 500.0 1058
1667493337280 500.0 1059
1667493338335 500.0 1060
1667493339377 500.0 1061
1667493340284 417.0 1062
1667493341338 500.0 1063
1667493342390 500.0 1064
1667493343450 500.0 1065
1667493344502 500.0 1066
1667493345549 500.0 1067
1667493346334 328.0 1068
1667493347389 500.0 1069
1667493348458 500.0 1070
1667493348978 238.0 1071
1667493350017 500.0 1072
1667493351064 500.0 1073
1667493352137 500.0 1074
1667493353185 500.0 1075
1667493354253 500.0 1076
1667493355310 500.0 1077
1667493356457 500.0 1078
1667493357538 500.0 1079
1667493358615 500.0 1080
1667493359695 500.0 1081
1667493360758 500.0 1082
1667493361812 500.0 1083
1667493362886 500.0 1084
1667493363955 500.0 1085
1667493365019 500.0 1086
1667493365728 335.0 1087
1667493366913 500.0 1088
1667493367979 500.0 1089
1667493368426 205.0 1090
1667493369488 500.0 1091
1667493370549 500.0 1092
1667493371651 500.0 1093
1667493372722 500.0 1094
1667493373809 500.0 1095
1667493374898 500.0 1096
1667493376049 500.0 1097
1667493377122 500.0 1098
1667493377768 306.0 1099
1667493378825 500.0 1100
1667493379882 500.0 1101
1667493380952 500.0 1102
1667493382023 500.0 1103
1667493383105 500.0 1104
1667493383308 83.0 1105
1667493384468 500.0 1106
1667493385621 500.0 1107
1667493386718 500.0 1108
1667493387804 500.0 1109
1667493388912 500.0 1110
1667493390097 500.0 1111
1667493391302 500.0 1112
1667493392518 500.0 1113
1667493393670 500.0 1114
1667493394888 500.0 1115
1667493396071 500.0 1116
1667493397160 500.0 1117
1667493397734 260.0 1118
1667493398830 500.0 1119
1667493399806 448.0 1120
1667493400404 255.0 1121
1667493401512 500.0 1122
1667493402593 500.0 1123
1667493403691 500.0 1124
1667493404766 500.0 1125
1667493405884 500.0 1126
1667493406963 500.0 1127
1667493407876 407.0 1128
1667493408942 500.0 1129
1667493409991 487.0 1130
1667493411081 500.0 1131
1667493412181 500.0 1132
1667493413273 500.0 1133
1667493413973 315.0 1134
1667493415064 500.0 1135
1667493416139 500.0 1136
1667493417216 500.0 1137
1667493418298 500.0 1138
1667493419413 500.0 1139
1667493420327 413.0 1140
1667493421436 500.0 1141
1667493422537 500.0 1142
1667493423639 500.0 1143
1667493424096 206.0 1144
1667493425168 500.0 1145
1667493426249 500.0 1146
1667493427325 500.0 1147
1667493428263 434.0 1148
1667493428793 243.0 1149
1667493429720 432.0 1150
1667493430755 474.0 1151
1667493431059 133.0 1152
1667493431314 115.0 1153
1667493432135 378.0 1154
1667493433220 500.0 1155
1667493434330 500.0 1156
1667493435251 416.0 1157
1667493436331 489.0 1158
1667493436997 303.0 1159
1667493438072 500.0 1160
1667493439169 500.0 1161
1667493440274 500.0 1162
1667493441361 495.0 1163
1667493442536 500.0 1164
1667493443529 455.0 1165
1667493444637 500.0 1166
1667493445799 500.0 1167
1667493447071 500.0 1168
1667493448266 500.0 1169
1667493449339 500.0 1170
1667493450383 500.0 1171
1667493451470 500.0 1172
1667493452540 500.0 1173
1667493453615 500.0 1174
1667493454694 500.0 1175
1667493455803 500.0 1176
1667493456889 500.0 1177
1667493457955 500.0 1178
1667493459038 500.0 1179
1667493460117 491.0 1180
1667493461189 500.0 1181
1667493462250 500.0 1182
1667493463321 500.0 1183
1667493464427 500.0 1184
1667493465495 500.0 1185
1667493466546 500.0 1186
1667493467606 500.0 1187
1667493468681 500.0 1188
1667493469738 500.0 1189
1667493470838 500.0 1190
1667493471921 500.0 1191
1667493472997 500.0 1192
1667493473985 449.0 1193
1667493475082 500.0 1194
1667493476193 500.0 1195
1667493477304 500.0 1196
1667493478427 500.0 1197
1667493479510 500.0 1198
1667493480596 500.0 1199
1667493481689 500.0 1200
1667493482818 500.0 1201
1667493483912 500.0 1202
1667493484975 500.0 1203
1667493486044 500.0 1204
1667493487131 500.0 1205
1667493488211 500.0 1206
1667493489271 500.0 1207
1667493490359 500.0 1208
1667493491455 500.0 1209
1667493492547 500.0 1210
1667493493424 398.0 1211
1667493494493 500.0 1212
1667493495587 500.0 1213
1667493496668 500.0 1214
1667493497766 500.0 1215
1667493498841 500.0 1216
1667493499915 500.0 1217
1667493500633 333.0 1218
1667493501677 500.0 1219
1667493502740 500.0 1220
1667493503803 500.0 1221
1667493504874 500.0 1222
1667493505953 500.0 1223
1667493507017 500.0 1224
1667493508102 500.0 1225
1667493509177 500.0 1226
1667493510269 500.0 1227
1667493511286 465.0 1228
1667493512111 387.0 1229
1667493512716 280.0 1230
1667493513634 441.0 1231
1667493514479 393.0 1232
1667493515349 410.0 1233
1667493516002 305.0 1234
1667493516718 334.0 1235
1667493517376 310.0 1236
1667493518438 500.0 1237
1667493519303 403.0 1238
1667493520374 500.0 1239
1667493521277 416.0 1240
1667493522028 344.0 1241
1667493522777 343.0 1242
1667493523852 500.0 1243
1667493524912 494.0 1244
1667493525699 357.0 1245
1667493526351 303.0 1246
1667493527139 354.0 1247
1667493528118 445.0 1248
1667493529218 500.0 1249
1667493530308 500.0 1250
1667493531104 363.0 1251
1667493532199 500.0 1252
1667493532340 56.0 1253
1667493533421 500.0 1254
1667493534287 394.0 1255
1667493535462 500.0 1256
1667493536551 500.0 1257
1667493537592 482.0 1258
1667493538687 500.0 1259
1667493539762 500.0 1260
1667493540822 500.0 1261
1667493541893 500.0 1262
1667493542965 500.0 1263
1667493544035 500.0 1264
1667493545122 500.0 1265
1667493546213 500.0 1266
1667493547304 500.0 1267
1667493548378 500.0 1268
1667493549438 500.0 1269
1667493550517 500.0 1270
1667493551595 500.0 1271
1667493552661 500.0 1272
1667493553734 500.0 1273
1667493554828 500.0 1274
1667493555896 500.0 1275
1667493556950 500.0 1276
1667493557518 267.0 1277
1667493558557 500.0 1278
1667493559616 500.0 1279
1667493560661 500.0 1280
1667493561709 500.0 1281
1667493562821 500.0 1282
1667493563868 500.0 1283
1667493564188 145.0 1284
1667493565235 500.0 1285
1667493566303 500.0 1286
1667493567360 500.0 1287
1667493568418 500.0 1288
1667493569471 500.0 1289
1667493570536 500.0 1290
1667493571578 500.0 1291
1667493572632 500.0 1292
1667493573706 500.0 1293
1667493574778 500.0 1294
1667493575847 500.0 1295
1667493576901 500.0 1296
1667493577973 500.0 1297
1667493579024 500.0 1298
1667493580085 500.0 1299
1667493581149 500.0 1300
1667493582263 500.0 1301
1667493583358 500.0 1302
1667493584433 500.0 1303
1667493585517 500.0 1304
1667493586576 500.0 1305
1667493587642 500.0 1306
1667493587807 68.0 1307
1667493588876 500.0 1308
1667493589959 500.0 1309
1667493591022 500.0 1310
1667493592076 500.0 1311
1667493593136 500.0 1312
1667493594200 500.0 1313
1667493595303 500.0 1314
1667493596392 500.0 1315
1667493597486 500.0 1316
1667493598568 500.0 1317
1667493599655 500.0 1318
1667493600791 500.0 1319
1667493601873 500.0 1320
1667493603001 500.0 1321
1667493604144 500.0 1322
1667493605230 500.0 1323
1667493606301 500.0 1324
1667493607378 500.0 1325
1667493608012 285.0 1326
1667493609074 500.0 1327
1667493609725 309.0 1328
1667493610482 359.0 1329
1667493611558 500.0 1330
1667493612618 500.0 1331
1667493613672 500.0 1332
1667493614748 500.0 1333
1667493615620 393.0 1334
1667493616727 500.0 1335
1667493617858 500.0 1336
1667493618959 500.0 1337
1667493620043 500.0 1338
1667493621132 500.0 1339
1667493622217 500.0 1340
1667493623290 500.0 1341
1667493624374 500.0 1342
1667493624960 265.0 1343
1667493626070 500.0 1344
1667493627162 500.0 1345
1667493628240 500.0 1346
1667493629363 500.0 1347
1667493630448 500.0 1348
1667493631580 500.0 1349
1667493632679 500.0 1350
1667493633244 259.0 1351
1667493634329 500.0 1352
1667493635430 500.0 1353
1667493636058 285.0 1354
1667493637141 500.0 1355
1667493638237 500.0 1356
1667493639320 500.0 1357
1667493640429 500.0 1358
1667493641535 500.0 1359
1667493642665 500.0 1360
1667493643771 500.0 1361
1667493644889 500.0 1362
1667493646016 500.0 1363
1667493647094 500.0 1364
1667493647563 211.0 1365
1667493648609 500.0 1366
1667493649685 500.0 1367
1667493650796 500.0 1368
1667493651326 242.0 1369
1667493652371 500.0 1370
1667493653424 500.0 1371
1667493654484 500.0 1372
1667493655536 500.0 1373
1667493656645 500.0 1374
1667493657766 500.0 1375
1667493658829 500.0 1376
1667493659899 500.0 1377
1667493660967 500.0 1378
1667493662038 500.0 1379
1667493663109 500.0 1380
1667493664184 500.0 1381
1667493665249 500.0 1382
1667493666317 500.0 1383
1667493667393 500.0 1384
1667493668511 500.0 1385
1667493669581 500.0 1386
1667493670650 500.0 1387
1667493671711 500.0 1388
1667493672747 500.0 1389
1667493673801 500.0 1390
1667493674887 500.0 1391
1667493675436 252.0 1392
1667493676493 500.0 1393
1667493677571 500.0 1394
1667493678364 372.0 1395
1667493679416 500.0 1396
1667493680467 500.0 1397
1667493681516 500.0 1398
1667493682579 500.0 1399
1667493683622 500.0 1400
1667493684655 500.0 1401
1667493685667 495.0 1402
1667493686700 500.0 1403
1667493687751 500.0 1404
1667493688787 500.0 1405
1667493689831 500.0 1406
1667493690647 388.0 1407
1667493691703 500.0 1408
1667493692767 500.0 1409
1667493693718 450.0 1410
1667493694780 500.0 1411
1667493695828 500.0 1412
1667493696887 500.0 1413
1667493697960 500.0 1414
1667493699054 500.0 1415
1667493700124 500.0 1416
1667493700849 337.0 1417
1667493701912 500.0 1418
1667493702962 500.0 1419
1667493704029 500.0 1420
1667493705065 500.0 1421
1667493706106 500.0 1422
1667493707202 500.0 1423
1667493708289 500.0 1424
1667493709174 408.0 1425
1667493710256 500.0 1426
1667493711365 500.0 1427
1667493712471 500.0 1428
1667493713538 487.0 1429
1667493714623 500.0 1430
1667493715137 233.0 1431
1667493716200 500.0 1432
1667493717315 500.0 1433
1667493718403 500.0 1434
1667493719469 500.0 1435
1667493720531 500.0 1436
1667493721613 500.0 1437
1667493722664 500.0 1438
1667493723711 500.0 1439
1667493724799 500.0 1440
1667493725874 500.0 1441
1667493726962 500.0 1442
1667493728045 500.0 1443
1667493728698 300.0 1444
1667493729765 500.0 1445
1667493730671 404.0 1446
1667493731762 500.0 1447
1667493732847 500.0 1448
1667493733945 500.0 1449
1667493735039 500.0 1450
1667493736129 500.0 1451
1667493736647 233.0 1452
1667493737725 500.0 1453
1667493738804 500.0 1454
1667493739885 500.0 1455
1667493740558 312.0 1456
1667493741629 500.0 1457
1667493742695 500.0 1458
1667493743802 500.0 1459
1667493744904 500.0 1460
1667493745973 500.0 1461
1667493747044 500.0 1462
1667493748140 500.0 1463
1667493749206 500.0 1464
1667493750299 500.0 1465
1667493751391 500.0 1466
1667493752590 500.0 1467
1667493753723 500.0 1468
1667493754826 500.0 1469
1667493755921 500.0 1470
1667493757131 500.0 1471
1667493758199 500.0 1472
1667493759303 500.0 1473
1667493760394 500.0 1474
1667493761546 500.0 1475
1667493762648 500.0 1476
1667493763707 500.0 1477
1667493764776 500.0 1478
1667493765852 500.0 1479
1667493766929 500.0 1480
1667493768006 500.0 1481
1667493769086 500.0 1482
1667493770179 500.0 1483
1667493771263 500.0 1484
1667493772341 500.0 1485
1667493773437 500.0 1486
1667493774525 500.0 1487
1667493775631 500.0 1488
1667493776734 500.0 1489
1667493777811 500.0 1490
1667493778889 500.0 1491
1667493779970 500.0 1492
1667493781042 500.0 1493
1667493782112 500.0 1494
1667493783181 500.0 1495
1667493784252 500.0 1496
1667493785326 500.0 1497
1667493786422 500.0 1498
1667493787506 500.0 1499
1667493788595 500.0 1500
1667493789687 500.0 1501
1667493790774 500.0 1502
1667493791865 500.0 1503
1667493792949 500.0 1504
1667493794039 500.0 1505
1667493795125 500.0 1506
1667493796220 500.0 1507
1667493797295 500.0 1508
1667493798366 500.0 1509
1667493799444 500.0 1510
1667493799983 246.0 1511
1667493801067 500.0 1512
1667493802176 500.0 1513
1667493803285 500.0 1514
1667493804383 500.0 1515
1667493805129 345.0 1516
1667493806198 500.0 1517
1667493807259 500.0 1518
1667493808334 500.0 1519
1667493809402 500.0 1520
1667493810481 500.0 1521
1667493811557 500.0 1522
1667493812596 468.0 1523
1667493813479 394.0 1524
1667493814479 467.0 1525
1667493815269 371.0 1526
1667493816063 355.0 1527
1667493816967 409.0 1528
1667493818059 500.0 1529
1667493818909 401.0 1530
1667493819976 500.0 1531
1667493821091 500.0 1532
1667493821975 399.0 1533
1667493823092 500.0 1534
1667493824175 500.0 1535
1667493825263 500.0 1536
1667493826408 500.0 1537
1667493827485 500.0 1538
1667493828296 373.0 1539
1667493829351 500.0 1540
1667493830398 500.0 1541
1667493831436 500.0 1542
1667493832453 500.0 1543
1667493833484 500.0 1544
1667493834514 500.0 1545
1667493835537 500.0 1546
1667493836659 500.0 1547
1667493837694 500.0 1548
1667493838741 500.0 1549
1667493839788 500.0 1550
1667493840819 500.0 1551
1667493841870 500.0 1552
1667493842910 500.0 1553
1667493843936 500.0 1554
1667493844978 500.0 1555
1667493846096 500.0 1556
1667493847030 433.0 1557
1667493848137 500.0 1558
1667493849239 500.0 1559
1667493850365 500.0 1560
1667493851482 500.0 1561
1667493852580 500.0 1562
1667493853667 500.0 1563
1667493854769 500.0 1564
1667493855867 500.0 1565
1667493856935 500.0 1566
1667493858004 500.0 1567
1667493859113 500.0 1568
1667493860252 500.0 1569
1667493861359 500.0 1570
1667493862431 500.0 1571
1667493863511 500.0 1572
1667493864567 500.0 1573
1667493865625 500.0 1574
1667493866684 500.0 1575
1667493867757 500.0 1576
1667493868832 500.0 1577
1667493869907 500.0 1578
1667493870981 500.0 1579
1667493872038 500.0 1580
1667493873105 500.0 1581
1667493874156 500.0 1582
1667493875190 500.0 1583
1667493876232 500.0 1584
1667493877276 500.0 1585
1667493878352 500.0 1586
1667493879423 500.0 1587
1667493880517 500.0 1588
1667493881591 500.0 1589
1667493882642 500.0 1590
1667493883701 500.0 1591
1667493884767 500.0 1592
1667493885850 500.0 1593
1667493886915 500.0 1594
1667493887988 500.0 1595
1667493889086 500.0 1596
1667493890145 500.0 1597
1667493891191 500.0 1598
1667493892264 496.0 1599
1667493893377 500.0 1600
1667493894432 500.0 1601
1667493895461 500.0 1602
1667493896513 500.0 1603
1667493897613 500.0 1604
1667493898685 500.0 1605
1667493899752 500.0 1606
1667493900831 500.0 1607
1667493901898 500.0 1608
1667493902953 500.0 1609
1667493904009 500.0 1610
1667493905070 500.0 1611
1667493906108 500.0 1612
1667493907158 500.0 1613
1667493908195 500.0 1614
1667493909227 500.0 1615
1667493909710 231.0 1616
1667493910733 500.0 1617
1667493911783 500.0 1618
1667493912817 500.0 1619
1667493913864 500.0 1620
1667493914902 500.0 1621
1667493915938 500.0 1622
1667493916996 500.0 1623
1667493918048 500.0 1624
1667493919114 500.0 1625
1667493920179 500.0 1626
1667493921237 500.0 1627
1667493922280 500.0 1628
1667493923326 500.0 1629
1667493924367 500.0 1630
1667493925422 500.0 1631
1667493926474 500.0 1632
1667493927523 500.0 1633
1667493928572 500.0 1634
1667493929622 500.0 1635
1667493930674 500.0 1636
1667493931750 500.0 1637
1667493932794 500.0 1638
1667493933836 500.0 1639
1667493934875 500.0 1640
1667493935915 500.0 1641
1667493936956 500.0 1642
1667493938005 500.0 1643
1667493939064 500.0 1644
1667493940119 500.0 1645
1667493941190 500.0 1646
1667493942279 500.0 1647
1667493943342 500.0 1648
1667493944403 500.0 1649
1667493945461 500.0 1650
1667493946521 500.0 1651
1667493947601 500.0 1652
1667493948688 500.0 1653
1667493949732 500.0 1654
1667493950776 500.0 1655
1667493951824 500.0 1656
1667493952876 500.0 1657
1667493953917 500.0 1658
1667493954971 500.0 1659
1667493956034 500.0 1660
1667493957086 500.0 1661
1667493958130 500.0 1662
1667493959188 500.0 1663
1667493960236 500.0 1664
1667493961282 500.0 1665
1667493962332 500.0 1666
1667493963394 500.0 1667
1667493964437 500.0 1668
1667493965482 500.0 1669
1667493966529 500.0 1670
1667493967575 500.0 1671
1667493968624 500.0 1672
1667493969684 500.0 1673
1667493970755 500.0 1674
1667493971821 500.0 1675
1667493972875 500.0 1676
1667493973938 500.0 1677
1667493974999 500.0 1678
1667493976052 500.0 1679
1667493977100 500.0 1680
1667493978167 500.0 1681
1667493979232 500.0 1682
1667493980296 500.0 1683
1667493981354 500.0 1684
1667493982416 500.0 1685
1667493983367 454.0 1686
1667493984471 500.0 1687
1667493985510 500.0 1688
1667493986585 500.0 1689
1667493987689 500.0 1690
1667493988894 500.0 1691
1667493990038 500.0 1692
1667493991215 500.0 1693
1667493992308 500.0 1694
1667493993425 500.0 1695
1667493994493 500.0 1696
1667493995589 500.0 1697
1667493996665 500.0 1698
1667493997750 500.0 1699
1667493998805 500.0 1700
1667493999823 476.0 1701
1667494000884 500.0 1702
1667494001968 500.0 1703
1667494003007 500.0 1704
1667494004060 500.0 1705
1667494005118 500.0 1706
1667494006155 500.0 1707
1667494007174 500.0 1708
1667494008199 500.0 1709
1667494009223 500.0 1710
1667494010250 500.0 1711
1667494011285 500.0 1712
1667494012312 500.0 1713
1667494013366 500.0 1714
1667494014407 500.0 1715
1667494015447 500.0 1716
1667494016475 500.0 1717
1667494017506 500.0 1718
1667494018144 303.0 1719
1667494019177 500.0 1720
1667494020242 500.0 1721
1667494021331 500.0 1722
1667494022360 500.0 1723
1667494023389 500.0 1724
1667494024420 500.0 1725
1667494025455 500.0 1726
1667494026488 500.0 1727
1667494027521 500.0 1728
1667494028552 500.0 1729
1667494029602 500.0 1730
1667494030641 500.0 1731
1667494031720 500.0 1732
1667494032807 500.0 1733
1667494033880 500.0 1734
1667494034938 500.0 1735
1667494036064 500.0 1736
1667494037279 500.0 1737
1667494038372 500.0 1738
1667494039426 500.0 1739
1667494040485 500.0 1740
1667494041538 500.0 1741
1667494042623 500.0 1742
1667494043710 500.0 1743
1667494044536 380.0 1744
1667494045692 500.0 1745
1667494046860 500.0 1746
1667494047915 500.0 1747
1667494048974 500.0 1748
1667494049942 453.0 1749
1667494050704 357.0 1750
1667494051653 456.0 1751
1667494052670 477.0 1752
1667494053723 500.0 1753
1667494054749 488.0 1754
1667494055787 500.0 1755
1667494056839 500.0 1756
1667494057423 269.0 1757
1667494058523 500.0 1758
1667494059635 500.0 1759
1667494060745 500.0 1760
1667494061851 500.0 1761
1667494062940 499.0 1762
1667494064001 500.0 1763
1667494065078 500.0 1764
1667494066174 500.0 1765
1667494067184 468.0 1766
1667494068107 429.0 1767
1667494069156 500.0 1768
1667494070221 500.0 1769
1667494071287 500.0 1770
1667494072348 500.0 1771
1667494073410 500.0 1772
1667494074464 500.0 1773
1667494075505 500.0 1774
1667494076541 500.0 1775
1667494077610 500.0 1776
1667494078827 500.0 1777
1667494079946 500.0 1778
1667494080472 234.0 1779
1667494081570 500.0 1780
1667494082644 500.0 1781
1667494083698 500.0 1782
1667494084776 500.0 1783
1667494085856 500.0 1784
1667494086941 500.0 1785
1667494088030 500.0 1786
1667494089106 500.0 1787
1667494090207 500.0 1788
1667494091288 500.0 1789
1667494092356 500.0 1790
1667494093424 500.0 1791
1667494094492 500.0 1792
1667494095582 500.0 1793
1667494096643 500.0 1794
1667494097696 500.0 1795
1667494098720 500.0 1796
1667494099758 500.0 1797
1667494100800 500.0 1798
1667494101849 500.0 1799
1667494102911 500.0 1800
1667494103979 500.0 1801
1667494105046 500.0 1802
1667494106109 500.0 1803
1667494107181 500.0 1804
1667494108259 500.0 1805
1667494109321 500.0 1806
1667494110387 500.0 1807
1667494111448 500.0 1808
1667494112504 500.0 1809
1667494113553 500.0 1810
1667494114597 500.0 1811
1667494115635 500.0 1812
1667494116669 500.0 1813
1667494117714 500.0 1814
1667494118748 500.0 1815
1667494119777 500.0 1816
1667494120811 500.0 1817
1667494121840 500.0 1818
1667494122870 500.0 1819
1667494123910 500.0 1820
1667494124962 500.0 1821
1667494126011 500.0 1822
1667494127058 500.0 1823
1667494128094 500.0 1824
1667494129134 500.0 1825
1667494130174 500.0 1826
1667494131218 500.0 1827
1667494132248 500.0 1828
1667494133278 500.0 1829
1667494134308 500.0 1830
1667494135335 500.0 1831
1667494136376 500.0 1832
1667494137415 500.0 1833
1667494138384 468.0 1834
1667494139419 500.0 1835
1667494140463 500.0 1836
1667494141502 500.0 1837
1667494142540 500.0 1838
1667494143616 500.0 1839
1667494144664 500.0 1840
1667494145725 500.0 1841
1667494146666 438.0 1842
1667494147708 500.0 1843
1667494148749 500.0 1844
1667494149814 500.0 1845
1667494150887 500.0 1846
1667494151933 500.0 1847
1667494152965 500.0 1848
1667494154016 500.0 1849
1667494155059 500.0 1850
1667494156120 500.0 1851
1667494157184 500.0 1852
1667494158218 500.0 1853
1667494159262 500.0 1854
1667494160318 500.0 1855
1667494161364 500.0 1856
1667494162432 500.0 1857
1667494163509 500.0 1858
1667494164609 500.0 1859
1667494165693 500.0 1860
1667494166752 500.0 1861
1667494167813 500.0 1862
1667494168880 500.0 1863
1667494169913 500.0 1864
1667494170965 500.0 1865
1667494172009 500.0 1866
1667494173064 500.0 1867
1667494174100 500.0 1868
1667494175134 500.0 1869
1667494175368 105.0 1870
1667494176409 500.0 1871
1667494177443 500.0 1872
1667494178495 500.0 1873
1667494179544 500.0 1874
1667494180611 500.0 1875
1667494181667 500.0 1876
1667494182738 500.0 1877
1667494183793 500.0 1878
1667494184860 500.0 1879
1667494185903 500.0 1880
1667494186956 500.0 1881
1667494188043 500.0 1882
1667494189101 500.0 1883
1667494190178 500.0 1884
1667494191241 500.0 1885
1667494192290 500.0 1886
1667494193353 500.0 1887
1667494194398 500.0 1888
1667494195433 500.0 1889
1667494196421 474.0 1890
1667494197479 500.0 1891
1667494198556 500.0 1892
1667494199610 500.0 1893
1667494200673 500.0 1894
1667494201727 500.0 1895
1667494202793 500.0 1896
1667494203853 500.0 1897
1667494204912 500.0 1898
1667494205973 500.0 1899
1667494207031 500.0 1900
1667494208093 500.0 1901
1667494209151 500.0 1902
1667494210215 500.0 1903
1667494211263 500.0 1904
1667494212317 500.0 1905
1667494213368 500.0 1906
1667494214399 500.0 1907
1667494215480 500.0 1908
1667494216544 500.0 1909
1667494217611 500.0 1910
1667494218418 386.0 1911
1667494219454 500.0 1912
1667494220494 500.0 1913
1667494221539 500.0 1914
1667494222593 500.0 1915
1667494223649 500.0 1916
1667494224739 500.0 1917
1667494225837 500.0 1918
1667494226905 500.0 1919
1667494228032 500.0 1920
1667494229124 500.0 1921
1667494230197 500.0 1922
1667494231271 500.0 1923
1667494232333 500.0 1924
1667494233407 500.0 1925
1667494234448 500.0 1926
1667494235524 500.0 1927
1667494236618 500.0 1928
1667494237696 500.0 1929
1667494238769 500.0 1930
1667494239821 500.0 1931
1667494240882 500.0 1932
1667494241937 500.0 1933
1667494242989 500.0 1934
1667494244031 500.0 1935
1667494245111 500.0 1936
1667494246162 500.0 1937
1667494247232 500.0 1938
1667494248278 500.0 1939
1667494249334 500.0 1940
1667494250375 500.0 1941
1667494251425 500.0 1942
1667494252487 500.0 1943
1667494253543 500.0 1944
1667494254601 500.0 1945
1667494255663 500.0 1946
1667494256742 500.0 1947
1667494257786 500.0 1948
1667494258828 500.0 1949
1667494259898 500.0 1950
1667494260993 500.0 1951
1667494262057 500.0 1952
1667494263117 500.0 1953
1667494264222 500.0 1954
1667494265294 500.0 1955
1667494266356 500.0 1956
1667494267418 500.0 1957
1667494268482 500.0 1958
1667494269556 500.0 1959
1667494270613 500.0 1960
1667494271665 500.0 1961
1667494272722 500.0 1962
1667494273756 500.0 1963
1667494274794 500.0 1964
1667494275849 500.0 1965
1667494276895 500.0 1966
1667494277963 500.0 1967
1667494279034 500.0 1968
1667494280078 500.0 1969
1667494281139 500.0 1970
1667494282216 500.0 1971
1667494283272 500.0 1972
1667494284340 500.0 1973
1667494285388 500.0 1974
1667494286423 500.0 1975
1667494287477 500.0 1976
1667494288543 500.0 1977
1667494289636 500.0 1978
1667494290708 500.0 1979
1667494291802 500.0 1980
1667494292103 132.0 1981
1667494293194 500.0 1982
1667494294247 500.0 1983
1667494295298 500.0 1984
1667494296359 500.0 1985
1667494297413 500.0 1986
1667494298471 500.0 1987
1667494299530 500.0 1988
1667494300611 500.0 1989
1667494301719 500.0 1990
1667494302829 500.0 1991
1667494303895 500.0 1992
1667494304973 500.0 1993
1667494306038 500.0 1994
1667494307120 500.0 1995
1667494308287 500.0 1996
1667494309347 500.0 1997
1667494310403 500.0 1998
1667494311467 500.0 1999
1667494312522 500.0 2000
1667494313606 500.0 2001
1667494314665 500.0 2002
1667494315718 500.0 2003
1667494316783 500.0 2004
1667494317840 500.0 2005
1667494318868 500.0 2006
1667494319924 500.0 2007
1667494321003 500.0 2008
1667494322057 500.0 2009
1667494323129 500.0 2010
1667494324186 500.0 2011
1667494325251 500.0 2012
1667494326302 500.0 2013
1667494327367 500.0 2014
1667494328441 500.0 2015
1667494329494 500.0 2016
1667494330551 500.0 2017
1667494331638 500.0 2018
1667494332727 500.0 2019
1667494333810 500.0 2020
1667494334871 500.0 2021
1667494335940 500.0 2022
1667494337024 500.0 2023
1667494338119 500.0 2024
1667494339215 500.0 2025
1667494340318 500.0 2026
1667494341434 500.0 2027
1667494342550 500.0 2028
1667494343604 500.0 2029
1667494344658 500.0 2030
1667494345700 500.0 2031
1667494346751 500.0 2032
1667494347800 500.0 2033
1667494348875 500.0 2034
1667494349943 500.0 2035
1667494351026 500.0 2036
1667494352076 500.0 2037
1667494353122 500.0 2038
1667494354213 500.0 2039
1667494355355 500.0 2040
1667494356465 500.0 2041
1667494357628 500.0 2042
1667494358663 500.0 2043
1667494359722 500.0 2044
1667494360761 500.0 2045
1667494361823 500.0 2046
1667494362897 500.0 2047
1667494363986 500.0 2048
1667494365062 500.0 2049
1667494366131 500.0 2050
1667494367223 500.0 2051
1667494368285 500.0 2052
1667494369353 500.0 2053
1667494370432 500.0 2054
1667494371474 500.0 2055
1667494372524 500.0 2056
1667494373599 500.0 2057
1667494374667 500.0 2058
1667494375824 500.0 2059
1667494376852 500.0 2060
1667494377919 500.0 2061
1667494378956 500.0 2062
1667494380018 496.0 2063
1667494381096 500.0 2064
1667494382189 500.0 2065
1667494383057 406.0 2066
1667494384118 500.0 2067
1667494384591 220.0 2068
1667494385640 500.0 2069
1667494386681 500.0 2070
1667494387711 500.0 2071
1667494388785 500.0 2072
1667494389863 500.0 2073
1667494390942 500.0 2074
1667494392002 500.0 2075
1667494393084 500.0 2076
1667494394144 492.0 2077
1667494395205 500.0 2078
1667494396289 500.0 2079
1667494397388 500.0 2080
1667494398452 500.0 2081
1667494399650 500.0 2082
1667494400777 500.0 2083
1667494401885 500.0 2084
1667494402692 376.0 2085
1667494403709 500.0 2086
1667494404244 252.0 2087
1667494405276 500.0 2088
1667494405517 108.0 2089
1667494406586 500.0 2090
1667494407683 500.0 2091
1667494408752 500.0 2092
1667494409785 500.0 2093
1667494410824 500.0 2094
1667494411839 500.0 2095
1667494412889 500.0 2096
1667494413940 500.0 2097
1667494415011 500.0 2098
1667494416085 500.0 2099
1667494417166 500.0 2100
1667494418275 500.0 2101
1667494419361 500.0 2102
1667494420255 411.0 2103
1667494421306 500.0 2104
1667494422382 500.0 2105
1667494423460 500.0 2106
1667494424535 500.0 2107
1667494425618 500.0 2108
1667494426673 500.0 2109
1667494427753 500.0 2110
1667494428825 500.0 2111
1667494429680 395.0 2112
1667494430756 500.0 2113
1667494431852 500.0 2114
1667494432936 500.0 2115
1667494434035 500.0 2116
1667494435130 500.0 2117
1667494436118 449.0 2118
1667494437244 500.0 2119
1667494438362 500.0 2120
1667494439456 500.0 2121
1667494440580 500.0 2122
1667494441714 500.0 2123
1667494442812 500.0 2124
1667494443916 500.0 2125
1667494444692 356.0 2126
1667494445798 500.0 2127
1667494446904 500.0 2128
1667494447990 500.0 2129
1667494449083 500.0 2130
1667494450184 500.0 2131
1667494451271 500.0 2132
1667494452351 500.0 2133
1667494453476 500.0 2134
1667494454585 500.0 2135
1667494455691 500.0 2136
1667494456776 500.0 2137
1667494457335 257.0 2138
1667494458426 500.0 2139
1667494459559 500.0 2140
1667494460149 263.0 2141
1667494461231 500.0 2142
1667494461800 259.0 2143
1667494462847 490.0 2144
1667494463938 500.0 2145
1667494465030 500.0 2146
1667494465833 370.0 2147
1667494466917 500.0 2148
1667494467996 500.0 2149
1667494469070 500.0 2150
1667494470154 500.0 2151
1667494471234 500.0 2152
1667494472308 500.0 2153
1667494473411 500.0 2154
1667494474487 500.0 2155
1667494475567 500.0 2156
1667494476656 500.0 2157
1667494477748 500.0 2158
1667494478391 290.0 2159
1667494479069 314.0 2160
1667494480144 500.0 2161
1667494481220 500.0 2162
1667494482302 500.0 2163
1667494483388 500.0 2164
1667494484472 500.0 2165
1667494485556 500.0 2166
1667494486639 500.0 2167
1667494487731 500.0 2168
1667494488823 500.0 2169
1667494489143 141.0 2170
1667494490209 500.0 2171
1667494491304 500.0 2172
1667494492379 500.0 2173
1667494493075 322.0 2174
1667494494159 500.0 2175
1667494495239 500.0 2176
1667494495794 254.0 2177
1667494496859 500.0 2178
1667494497929 500.0 2179
1667494498993 500.0 2180
1667494500065 500.0 2181
1667494500539 218.0 2182
1667494501423 411.0 2183
1667494502499 500.0 2184
1667494503597 500.0 2185
1667494504679 500.0 2186
1667494505748 500.0 2187
1667494506814 500.0 2188
1667494507910 500.0 2189
1667494509015 500.0 2190
1667494510098 500.0 2191
1667494511175 500.0 2192
1667494512248 500.0 2193
1667494513327 500.0 2194
1667494514393 500.0 2195
1667494515465 500.0 2196
1667494516540 500.0 2197
1667494517615 500.0 2198
1667494518689 500.0 2199
1667494519755 500.0 2200
1667494520818 500.0 2201
1667494521879 500.0 2202
1667494522624 345.0 2203
1667494523311 326.0 2204
1667494524381 500.0 2205
1667494525459 500.0 2206
1667494526534 500.0 2207
1667494527607 500.0 2208
1667494528673 500.0 2209
1667494529482 368.0 2210
1667494530539 500.0 2211
1667494531610 500.0 2212
1667494532679 500.0 2213
1667494533757 500.0 2214
1667494534810 500.0 2215
1667494535888 500.0 2216
1667494536978 500.0 2217
1667494538070 500.0 2218
1667494539186 500.0 2219
1667494540274 500.0 2220
1667494541356 500.0 2221
1667494542417 500.0 2222
1667494543451 500.0 2223
1667494544470 500.0 2224
1667494545487 500.0 2225
1667494546625 500.0 2226
1667494547662 500.0 2227
1667494548678 500.0 2228
1667494549755 500.0 2229
1667494550805 500.0 2230
1667494551812 500.0 2231
1667494552879 500.0 2232
1667494553885 500.0 2233
1667494554893 500.0 2234
1667494555927 500.0 2235
1667494556948 500.0 2236
1667494557989 500.0 2237
1667494559023 500.0 2238
1667494560078 500.0 2239
1667494560535 203.0 2240
1667494561621 500.0 2241
1667494562634 500.0 2242
1667494563373 358.0 2243
1667494564076 341.0 2244
1667494565168 500.0 2245
1667494566283 500.0 2246
1667494567324 500.0 2247
1667494568355 500.0 2248
1667494569384 500.0 2249
1667494570418 500.0 2250
1667494571443 500.0 2251
1667494572465 500.0 2252
1667494573497 500.0 2253
1667494574525 500.0 2254
1667494575528 500.0 2255
1667494576527 500.0 2256
1667494577601 500.0 2257
1667494578660 500.0 2258
1667494579716 500.0 2259
1667494580681 488.0 2260
1667494581675 500.0 2261
1667494582688 500.0 2262
1667494583733 500.0 2263
1667494584757 500.0 2264
1667494585772 500.0 2265
1667494586848 500.0 2266
1667494587914 500.0 2267
1667494588721 373.0 2268
1667494589758 500.0 2269
1667494590754 500.0 2270
1667494591113 173.0 2271
1667494592123 500.0 2272
1667494592972 419.0 2273
1667494593724 376.0 2274
1667494594152 214.0 2275
1667494595165 500.0 2276
1667494596162 500.0 2277
1667494597176 500.0 2278
1667494598224 500.0 2279
1667494599317 500.0 2280
1667494600459 500.0 2281
1667494601501 500.0 2282
1667494602025 242.0 2283
1667494603023 500.0 2284
1667494604030 500.0 2285
1667494604748 359.0 2286
1667494605746 500.0 2287
1667494606746 500.0 2288
1667494607749 500.0 2289
1667494608756 500.0 2290
1667494609762 500.0 2291
1667494610778 500.0 2292
1667494611794 500.0 2293
1667494612813 500.0 2294
1667494613831 500.0 2295
1667494614853 500.0 2296
1667494615863 500.0 2297
1667494616886 500.0 2298
1667494617905 500.0 2299
1667494618911 500.0 2300
1667494619795 429.0 2301
1667494620827 500.0 2302
1667494621843 500.0 2303
1667494622864 500.0 2304
1667494623875 500.0 2305
1667494624899 500.0 2306
1667494625899 500.0 2307
1667494626902 500.0 2308
1667494627917 500.0 2309
1667494628915 500.0 2310
1667494629901 500.0 2311
1667494630934 500.0 2312
1667494631958 500.0 2313
1667494632973 500.0 2314
1667494633988 500.0 2315
1667494635022 500.0 2316
1667494636049 500.0 2317
1667494637113 500.0 2318
1667494638153 500.0 2319
1667494639193 500.0 2320
1667494640246 500.0 2321
1667494641274 500.0 2322
1667494642289 500.0 2323
1667494643347 500.0 2324
1667494644371 500.0 2325
1667494645403 500.0 2326
1667494646434 500.0 2327
1667494647463 500.0 2328
1667494648453 500.0 2329
1667494649495 500.0 2330
1667494650521 500.0 2331
1667494651544 500.0 2332
1667494652566 500.0 2333
1667494653591 500.0 2334
1667494654614 500.0 2335
1667494655615 500.0 2336
1667494656646 500.0 2337
1667494657681 500.0 2338
1667494658700 500.0 2339
1667494659741 500.0 2340
1667494660752 500.0 2341
1667494661767 500.0 2342
1667494662778 500.0 2343
1667494663785 500.0 2344
1667494664770 500.0 2345
1667494665774 500.0 2346
1667494666789 500.0 2347
1667494667814 500.0 2348
1667494668805 500.0 2349
1667494669853 500.0 2350
1667494670903 500.0 2351
1667494671964 500.0 2352
1667494673040 500.0 2353
1667494674081 500.0 2354
1667494675136 500.0 2355
1667494676222 500.0 2356
1667494677284 500.0 2357
1667494678378 500.0 2358
1667494679443 500.0 2359
1667494680487 500.0 2360
1667494681612 500.0 2361
1667494682679 500.0 2362
1667494683730 500.0 2363
1667494684772 500.0 2364
1667494685822 500.0 2365
1667494686880 500.0 2366
1667494687974 500.0 2367
1667494689049 500.0 2368
1667494690160 500.0 2369
1667494691261 500.0 2370
1667494692341 500.0 2371
1667494693422 500.0 2372
1667494694473 500.0 2373
1667494695531 500.0 2374
1667494696593 500.0 2375
1667494697619 500.0 2376
1667494698709 500.0 2377
1667494699827 500.0 2378
1667494700900 500.0 2379
1667494701962 500.0 2380
1667494703032 500.0 2381
1667494704105 500.0 2382
1667494705142 500.0 2383
1667494706171 500.0 2384
1667494707189 500.0 2385
1667494708227 500.0 2386
1667494709260 500.0 2387
1667494710293 500.0 2388
1667494711323 500.0 2389
1667494712149 402.0 2390
1667494713149 500.0 2391
1667494714197 500.0 2392
1667494715185 469.0 2393
1667494716316 500.0 2394
1667494717487 500.0 2395
1667494718576 500.0 2396
1667494719635 500.0 2397
1667494720699 500.0 2398
1667494721795 500.0 2399
1667494722922 500.0 2400
1667494724065 500.0 2401
1667494725250 500.0 2402
1667494726190 439.0 2403
1667494726949 361.0 2404
1667494727880 444.0 2405
1667494728938 500.0 2406
1667494729827 426.0 2407
1667494730858 500.0 2408
1667494731887 500.0 2409
1667494732931 500.0 2410
1667494733962 500.0 2411
1667494735010 500.0 2412
1667494736123 500.0 2413
1667494737448 500.0 2414
1667494738578 500.0 2415
1667494739106 246.0 2416
1667494740140 500.0 2417
1667494741230 500.0 2418
1667494742279 500.0 2419
1667494743322 500.0 2420
1667494743774 212.0 2421
1667494744856 500.0 2422
1667494745936 500.0 2423
1667494747010 500.0 2424
1667494747806 366.0 2425
1667494748621 398.0 2426
1667494749695 500.0 2427
1667494750823 500.0 2428
1667494751863 500.0 2429
1667494752906 500.0 2430
1667494753971 500.0 2431
1667494755012 500.0 2432
1667494756048 500.0 2433
1667494757094 500.0 2434
1667494758270 500.0 2435
1667494759359 500.0 2436
1667494760391 500.0 2437
1667494761475 500.0 2438
1667494762552 500.0 2439
1667494763617 500.0 2440
1667494764680 500.0 2441
1667494765762 500.0 2442
1667494766837 500.0 2443
1667494767953 500.0 2444
1667494769022 500.0 2445
1667494770123 500.0 2446
1667494771207 500.0 2447
1667494772264 500.0 2448
1667494773301 500.0 2449
1667494774394 500.0 2450
1667494775487 500.0 2451
1667494776579 500.0 2452
1667494777624 500.0 2453
1667494778676 500.0 2454
1667494779721 500.0 2455
1667494780762 500.0 2456
1667494781775 500.0 2457
1667494782791 500.0 2458
1667494783807 500.0 2459
1667494784836 500.0 2460
1667494785857 500.0 2461
1667494786882 500.0 2462
1667494787908 500.0 2463
1667494788936 500.0 2464
1667494789966 500.0 2465
1667494791002 500.0 2466
1667494792040 500.0 2467
1667494793056 500.0 2468
1667494794093 500.0 2469
1667494795133 500.0 2470
1667494796175 500.0 2471
1667494797208 500.0 2472
1667494798257 500.0 2473
1667494799290 500.0 2474
1667494800318 500.0 2475
1667494801353 500.0 2476
1667494802393 500.0 2477
1667494803431 500.0 2478
1667494804463 500.0 2479
1667494805490 500.0 2480
1667494806513 500.0 2481
1667494807539 500.0 2482
1667494808570 500.0 2483
1667494809604 500.0 2484
1667494810647 500.0 2485
1667494811667 500.0 2486
1667494812687 500.0 2487
1667494813707 500.0 2488
1667494814727 500.0 2489
1667494815750 500.0 2490
1667494816771 500.0 2491
1667494817797 500.0 2492
1667494818819 500.0 2493
1667494819837 500.0 2494
1667494820854 500.0 2495
1667494821878 500.0 2496
1667494822900 500.0 2497
1667494823926 500.0 2498
1667494824937 500.0 2499
1667494825968 500.0 2500
1667494827003 500.0 2501
1667494828040 500.0 2502
1667494829082 500.0 2503
1667494830120 500.0 2504
1667494831157 500.0 2505
1667494832183 500.0 2506
1667494833202 500.0 2507
1667494834225 500.0 2508
1667494835272 500.0 2509
1667494836296 500.0 2510
1667494837327 500.0 2511
1667494838353 500.0 2512
1667494839396 500.0 2513
1667494840443 500.0 2514
1667494841484 500.0 2515
1667494842531 500.0 2516
1667494843570 500.0 2517
1667494844606 500.0 2518
1667494845641 500.0 2519
1667494846678 500.0 2520
1667494847719 500.0 2521
1667494848753 500.0 2522
1667494849793 500.0 2523
1667494850830 500.0 2524
1667494851921 500.0 2525
1667494852952 500.0 2526
1667494854020 500.0 2527
1667494855066 500.0 2528
1667494856136 500.0 2529
1667494857234 500.0 2530
1667494858382 494.0 2531
1667494859424 500.0 2532
1667494860458 500.0 2533
1667494861495 500.0 2534
1667494862628 500.0 2535
1667494863779 500.0 2536
1667494864827 500.0 2537
1667494865917 500.0 2538
1667494866983 500.0 2539
1667494868024 500.0 2540
1667494869068 500.0 2541
1667494870087 500.0 2542
1667494871111 500.0 2543
1667494872136 500.0 2544
1667494873151 500.0 2545
1667494874182 500.0 2546
1667494875246 500.0 2547
1667494876268 500.0 2548
1667494877310 500.0 2549
1667494878384 483.0 2550
1667494879445 500.0 2551
1667494880525 500.0 2552
1667494881531 484.0 2553
1667494882545 500.0 2554
1667494883569 500.0 2555
1667494884616 500.0 2556
1667494885617 470.0 2557
1667494886319 329.0 2558
1667494887105 357.0 2559
1667494888174 500.0 2560
1667494889270 500.0 2561
1667494890113 374.0 2562
1667494891181 500.0 2563
1667494892366 500.0 2564
1667494893477 500.0 2565
1667494894251 372.0 2566
1667494894924 322.0 2567
1667494895389 224.0 2568
1667494896406 500.0 2569
1667494897428 500.0 2570
1667494898466 500.0 2571
1667494898986 245.0 2572
1667494899937 458.0 2573
1667494900738 377.0 2574
1667494901805 500.0 2575
1667494902813 468.0 2576
1667494903904 500.0 2577
1667494904547 283.0 2578
1667494905623 500.0 2579
1667494906792 500.0 2580
1667494907772 452.0 2581
1667494908789 476.0 2582
1667494909661 409.0 2583
1667494910386 347.0 2584
1667494911429 500.0 2585
1667494912386 460.0 2586
1667494913434 500.0 2587
1667494914251 349.0 2588
1667494915351 500.0 2589
1667494916490 500.0 2590
1667494917198 323.0 2591
1667494918340 500.0 2592
1667494919421 500.0 2593
1667494920607 500.0 2594
1667494921596 437.0 2595
1667494922677 500.0 2596
1667494923766 500.0 2597
1667494924869 465.0 2598
1667494925640 338.0 2599
1667494926739 500.0 2600
1667494927859 500.0 2601
1667494928922 500.0 2602
1667494930017 500.0 2603
1667494931209 500.0 2604
1667494932325 500.0 2605
1667494933323 448.0 2606
1667494934517 500.0 2607
1667494935646 500.0 2608
1667494936688 500.0 2609
1667494937767 500.0 2610
1667494938851 500.0 2611
1667494939907 500.0 2612
1667494940940 500.0 2613
1667494941990 500.0 2614
1667494943046 500.0 2615
1667494944114 500.0 2616
1667494945171 500.0 2617
1667494946198 500.0 2618
1667494947253 500.0 2619
1667494948303 500.0 2620
1667494949382 500.0 2621
