1667492818606 12.0 0
1667492819052 10.0 1
1667492819219 10.0 2
1667492819249 10.0 3
1667492819273 8.0 4
1667492819299 9.0 5
1667492819327 10.0 6
1667492819351 9.0 7
1667492819378 10.0 8
1667492819402 9.0 9
1667492819426 8.0 10
1667492819454 10.0 11
1667492819480 9.0 12
1667492819510 10.0 13
1667492819538 9.0 14
1667492819561 8.0 15
1667492819588 10.0 16
1667492819614 9.0 17
1667492819645 10.0 18
1667492819668 8.0 19
1667492819694 10.0 20
1667492819720 9.0 21
1667492819748 10.0 22
1667492819775 10.0 23
1667492819799 8.0 24
1667492819821 8.0 25
1667492819848 10.0 26
1667492819870 8.0 27
1667492819892 8.0 28
1667492819914 8.0 29
1667492819940 10.0 30
1667492819964 8.0 31
1667492819987 8.0 32
1667492820011 9.0 33
1667492820035 9.0 34
1667492820058 9.0 35
1667492820083 9.0 36
1667492820109 10.0 37
1667492820134 8.0 38
1667492820162 10.0 39
1667492820190 10.0 40
1667492820215 9.0 41
1667492820239 9.0 42
1667492820269 11.0 43
1667492820300 10.0 44
1667492820328 9.0 45
1667492820352 9.0 46
1667492820376 9.0 47
1667492820402 9.0 48
1667492820429 10.0 49
1667492820456 10.0 50
1667492820483 10.0 51
1667492820510 10.0 52
1667492820535 10.0 53
1667492820559 9.0 54
1667492820587 10.0 55
1667492820616 10.0 56
1667492820642 10.0 57
1667492820669 10.0 58
1667492820695 9.0 59
1667492820724 10.0 60
1667492820751 9.0 61
1667492820782 10.0 62
1667492820811 10.0 63
1667492820838 9.0 64
1667492820863 9.0 65
1667492820888 9.0 66
1667492820914 10.0 67
1667492820944 10.0 68
1667492820972 8.0 69
1667492821002 10.0 70
1667492821027 9.0 71
1667492821055 10.0 72
1667492821083 10.0 73
1667492821104 8.0 74
1667492821133 11.0 75
1667492821160 9.0 76
1667492821183 8.0 77
1667492821208 9.0 78
1667492821233 9.0 79
1667492821258 9.0 80
1667492821294 10.0 81
1667492821320 9.0 82
1667492821343 8.0 83
1667492821370 10.0 84
1667492821396 9.0 85
1667492821420 9.0 86
1667492821444 9.0 87
1667492821470 10.0 88
1667492821494 8.0 89
1667492821516 8.0 90
1667492821542 10.0 91
1667492821567 9.0 92
1667492821591 9.0 93
1667492821614 8.0 94
1667492821639 9.0 95
1667492821664 9.0 96
1667492821692 11.0 97
1667492821719 10.0 98
1667492821744 9.0 99
1667492821771 10.0 100
1667492821795 9.0 101
1667492821821 9.0 102
1667492821846 10.0 103
1667492821873 10.0 104
1667492821898 9.0 105
1667492821923 9.0 106
1667492821949 10.0 107
1667492821976 10.0 108
1667492822000 9.0 109
1667492822030 11.0 110
1667492822057 10.0 111
1667492822082 9.0 112
1667492822106 9.0 113
1667492822131 9.0 114
1667492822160 11.0 115
1667492822186 10.0 116
1667492822212 10.0 117
1667492822237 9.0 118
1667492822264 10.0 119
1667492822288 9.0 120
1667492822315 10.0 121
1667492822342 10.0 122
1667492822367 9.0 123
1667492822396 11.0 124
1667492822423 10.0 125
1667492822451 10.0 126
1667492822473 8.0 127
1667492822500 10.0 128
1667492822526 10.0 129
1667492822551 9.0 130
1667492822577 10.0 131
1667492822606 11.0 132
1667492822631 9.0 133
1667492822656 9.0 134
1667492822683 10.0 135
1667492822705 8.0 136
1667492822730 9.0 137
1667492822754 9.0 138
1667492822779 9.0 139
1667492822802 9.0 140
1667492822825 9.0 141
1667492822848 9.0 142
1667492822874 10.0 143
1667492822902 10.0 144
1667492822926 9.0 145
1667492822950 9.0 146
1667492822977 10.0 147
1667492823004 10.0 148
1667492823028 9.0 149
1667492823055 10.0 150
1667492823081 10.0 151
1667492823106 9.0 152
1667492823133 10.0 153
1667492823157 9.0 154
1667492823184 10.0 155
1667492823209 9.0 156
1667492823235 10.0 157
1667492823259 9.0 158
1667492823282 8.0 159
1667492823308 10.0 160
1667492823331 8.0 161
1667492823355 9.0 162
1667492823379 8.0 163
1667492823403 9.0 164
1667492823427 9.0 165
1667492823452 9.0 166
1667492823480 11.0 167
1667492823508 10.0 168
1667492823533 9.0 169
1667492823557 9.0 170
1667492823583 9.0 171
1667492823609 10.0 172
1667492823634 9.0 173
1667492823659 9.0 174
1667492823685 9.0 175
1667492823706 8.0 176
1667492823734 10.0 177
1667492823763 11.0 178
1667492823791 10.0 179
1667492823816 9.0 180
1667492823842 10.0 181
1667492823869 10.0 182
1667492823894 9.0 183
1667492823918 9.0 184
1667492823944 10.0 185
1667492823967 8.0 186
1667492823992 9.0 187
1667492824020 10.0 188
1667492824044 9.0 189
1667492824071 10.0 190
1667492824097 10.0 191
1667492824122 9.0 192
1667492824150 10.0 193
1667492824174 9.0 194
1667492824198 9.0 195
1667492824224 9.0 196
1667492824245 8.0 197
1667492824274 10.0 198
1667492824298 9.0 199
1667492824324 10.0 200
1667492824351 10.0 201
1667492824381 11.0 202
1667492824405 9.0 203
1667492824432 10.0 204
1667492824461 10.0 205
1667492824485 9.0 206
1667492824509 9.0 207
1667492824532 9.0 208
1667492824555 9.0 209
1667492824581 9.0 210
1667492824606 10.0 211
1667492824633 10.0 212
1667492824654 8.0 213
1667492824682 10.0 214
1667492824709 10.0 215
1667492824732 9.0 216
1667492824759 10.0 217
1667492824784 9.0 218
1667492824811 9.0 219
1667492824837 10.0 220
1667492824863 9.0 221
1667492824889 10.0 222
1667492824916 9.0 223
1667492824943 10.0 224
1667492824966 8.0 225
1667492824992 10.0 226
1667492825017 9.0 227
1667492825038 8.0 228
1667492825065 10.0 229
1667492825087 8.0 230
1667492825111 9.0 231
1667492825134 8.0 232
1667492825155 8.0 233
1667492825176 8.0 234
1667492825202 10.0 235
1667492825228 10.0 236
1667492825255 10.0 237
1667492825281 10.0 238
1667492825306 10.0 239
1667492825330 9.0 240
1667492825354 9.0 241
1667492825379 9.0 242
1667492825406 10.0 243
1667492825429 8.0 244
1667492825453 9.0 245
1667492825480 10.0 246
1667492825505 9.0 247
1667492825528 9.0 248
1667492825554 10.0 249
1667492825578 9.0 250
1667492825605 10.0 251
1667492825632 10.0 252
1667492825656 9.0 253
1667492825681 9.0 254
1667492825702 8.0 255
1667492825729 10.0 256
1667492825756 10.0 257
1667492825782 10.0 258
1667492825805 9.0 259
1667492825829 9.0 260
1667492825855 10.0 261
1667492825878 8.0 262
1667492825905 10.0 263
1667492825930 9.0 264
1667492825954 9.0 265
1667492825977 8.0 266
1667492826003 9.0 267
1667492826029 10.0 268
1667492826056 10.0 269
1667492826082 10.0 270
1667492826103 8.0 271
1667492826131 10.0 272
1667492826155 9.0 273
1667492826182 10.0 274
1667492826208 10.0 275
1667492826232 9.0 276
1667492826260 10.0 277
1667492826286 10.0 278
1667492826309 9.0 279
1667492826331 8.0 280
1667492826358 10.0 281
1667492826385 10.0 282
1667492826410 10.0 283
1667492826434 9.0 284
1667492826460 10.0 285
1667492826488 10.0 286
1667492826509 8.0 287
1667492826533 9.0 288
1667492826560 10.0 289
1667492826591 10.0 290
1667492826612 8.0 291
1667492826634 8.0 292
1667492826660 10.0 293
1667492826686 10.0 294
1667492826716 11.0 295
1667492826740 9.0 296
1667492826767 10.0 297
1667492826789 8.0 298
1667492826817 10.0 299
1667492826842 9.0 300
1667492826869 10.0 301
1667492826891 8.0 302
1667492826918 10.0 303
1667492826940 8.0 304
1667492826965 9.0 305
1667492827004 10.0 306
1667492827038 9.0 307
1667492827068 10.0 308
1667492827094 10.0 309
1667492827117 9.0 310
1667492827142 9.0 311
1667492827170 10.0 312
1667492827197 10.0 313
1667492827218 8.0 314
1667492827244 9.0 315
1667492827271 10.0 316
1667492827295 9.0 317
1667492827317 8.0 318
1667492827339 8.0 319
1667492827369 11.0 320
1667492827393 9.0 321
1667492827417 9.0 322
1667492827443 10.0 323
1667492827469 9.0 324
1667492827493 9.0 325
1667492827514 8.0 326
1667492827539 9.0 327
1667492827564 9.0 328
1667492827592 10.0 329
1667492827617 9.0 330
1667492827644 10.0 331
1667492827676 10.0 332
1667492827707 10.0 333
1667492827734 9.0 334
1667492827758 9.0 335
1667492827785 10.0 336
1667492827812 10.0 337
1667492827836 9.0 338
1667492827861 9.0 339
1667492827889 10.0 340
1667492827916 9.0 341
1667492827942 9.0 342
1667492827971 10.0 343
1667492828009 10.0 344
1667492828038 9.0 345
1667492828061 8.0 346
1667492828088 10.0 347
1667492828113 9.0 348
1667492828141 10.0 349
1667492828165 9.0 350
1667492828189 9.0 351
1667492828215 10.0 352
1667492828239 8.0 353
1667492828266 10.0 354
1667492828291 9.0 355
1667492828313 8.0 356
1667492828337 9.0 357
1667492828362 9.0 358
1667492828389 10.0 359
1667492828415 9.0 360
1667492828441 10.0 361
1667492828469 10.0 362
1667492828496 10.0 363
1667492828522 10.0 364
1667492828544 8.0 365
1667492828566 8.0 366
1667492828587 8.0 367
1667492828614 10.0 368
1667492828635 8.0 369
1667492828659 9.0 370
1667492828684 9.0 371
1667492828708 9.0 372
1667492828731 9.0 373
1667492828757 10.0 374
1667492828781 9.0 375
1667492828806 9.0 376
1667492828833 10.0 377
1667492828857 9.0 378
1667492828883 10.0 379
1667492828911 10.0 380
1667492828936 9.0 381
1667492828963 10.0 382
1667492828988 9.0 383
1667492829013 9.0 384
1667492829038 9.0 385
1667492829063 10.0 386
1667492829088 9.0 387
1667492829115 10.0 388
1667492829143 10.0 389
1667492829166 9.0 390
1667492829189 8.0 391
1667492829217 10.0 392
1667492829244 10.0 393
1667492829269 10.0 394
1667492829293 9.0 395
1667492829319 10.0 396
1667492829346 10.0 397
1667492829371 10.0 398
1667492829396 10.0 399
1667492829423 10.0 400
1667492829449 9.0 401
1667492829471 8.0 402
1667492829493 8.0 403
1667492829518 10.0 404
1667492829540 8.0 405
1667492829566 9.0 406
1667492829588 8.0 407
1667492829609 8.0 408
1667492829633 9.0 409
1667492829659 10.0 410
1667492829684 9.0 411
1667492829708 9.0 412
1667492829731 9.0 413
1667492829757 10.0 414
1667492829781 9.0 415
1667492829809 10.0 416
1667492829835 10.0 417
1667492829858 9.0 418
1667492829882 9.0 419
1667492829907 10.0 420
1667492829935 10.0 421
1667492829960 10.0 422
1667492829985 10.0 423
1667492830011 10.0 424
1667492830033 9.0 425
1667492830063 11.0 426
1667492830087 9.0 427
1667492830128 8.0 428
1667492830157 10.0 429
1667492830185 10.0 430
1667492830210 9.0 431
1667492830233 9.0 432
1667492830256 9.0 433
1667492830278 8.0 434
1667492830304 10.0 435
1667492830331 10.0 436
1667492830352 8.0 437
1667492830377 9.0 438
1667492830401 9.0 439
1667492830423 8.0 440
1667492830451 10.0 441
1667492830475 9.0 442
1667492830502 10.0 443
1667492830530 11.0 444
1667492830558 11.0 445
1667492830583 9.0 446
1667492830608 9.0 447
1667492830629 8.0 448
1667492830658 11.0 449
1667492830686 10.0 450
1667492830710 9.0 451
1667492830737 10.0 452
1667492830759 8.0 453
1667492830784 9.0 454
1667492830808 9.0 455
1667492830831 9.0 456
1667492830854 9.0 457
1667492830877 9.0 458
1667492830902 9.0 459
1667492830930 11.0 460
1667492830954 9.0 461
1667492830981 10.0 462
1667492831005 9.0 463
1667492831031 9.0 464
1667492831056 10.0 465
1667492831080 8.0 466
1667492831104 9.0 467
1667492831131 10.0 468
1667492831154 8.0 469
1667492831179 9.0 470
1667492831203 9.0 471
1667492831230 11.0 472
1667492831256 10.0 473
1667492831283 10.0 474
1667492831308 10.0 475
1667492831331 9.0 476
1667492831357 10.0 477
1667492831385 10.0 478
1667492831409 8.0 479
1667492831433 9.0 480
1667492831456 9.0 481
1667492831482 10.0 482
1667492831508 9.0 483
1667492831533 9.0 484
1667492831556 9.0 485
1667492831580 9.0 486
1667492831607 10.0 487
1667492831633 9.0 488
1667492831657 9.0 489
1667492831681 9.0 490
1667492831705 9.0 491
1667492831733 10.0 492
1667492831758 9.0 493
1667492831784 9.0 494
1667492831814 10.0 495
1667492831842 10.0 496
1667492831871 10.0 497
1667492831897 10.0 498
1667492831921 9.0 499
1667492831944 9.0 500
1667492831972 10.0 501
1667492831994 8.0 502
1667492832019 9.0 503
1667492832042 9.0 504
1667492832063 8.0 505
1667492832092 11.0 506
1667492832117 9.0 507
1667492832141 9.0 508
1667492832167 10.0 509
1667492832197 11.0 510
1667492832225 10.0 511
1667492832250 9.0 512
1667492832276 10.0 513
1667492832304 10.0 514
1667492832329 9.0 515
1667492832352 9.0 516
1667492832379 10.0 517
1667492832407 10.0 518
1667492832430 8.0 519
1667492832457 10.0 520
1667492832483 9.0 521
1667492832511 10.0 522
1667492832536 9.0 523
1667492832564 10.0 524
1667492832591 10.0 525
1667492832617 9.0 526
1667492832641 9.0 527
1667492832665 9.0 528
1667492832693 11.0 529
1667492832719 9.0 530
1667492832747 10.0 531
1667492832775 11.0 532
1667492832804 11.0 533
1667492832830 9.0 534
1667492832854 9.0 535
1667492832880 9.0 536
1667492832903 8.0 537
1667492832930 9.0 538
1667492832963 10.0 539
1667492832992 10.0 540
1667492833017 8.0 541
1667492833046 9.0 542
1667492833071 8.0 543
1667492833098 10.0 544
1667492833125 9.0 545
1667492833151 9.0 546
1667492833175 9.0 547
1667492833201 10.0 548
1667492833229 10.0 549
1667492833256 10.0 550
1667492833284 10.0 551
1667492833305 8.0 552
1667492833333 10.0 553
1667492833359 9.0 554
1667492833384 9.0 555
1667492833408 9.0 556
1667492833436 10.0 557
1667492833466 11.0 558
1667492833491 9.0 559
1667492833516 9.0 560
1667492833542 10.0 561
1667492833567 9.0 562
1667492833591 9.0 563
1667492833616 9.0 564
1667492833642 10.0 565
1667492833670 10.0 566
1667492833696 10.0 567
1667492833720 9.0 568
1667492833746 10.0 569
1667492833773 10.0 570
1667492833798 9.0 571
1667492833824 10.0 572
1667492833847 8.0 573
1667492833874 10.0 574
1667492833902 11.0 575
1667492833927 9.0 576
1667492833951 9.0 577
1667492833976 9.0 578
1667492834002 10.0 579
1667492834028 9.0 580
1667492834056 11.0 581
1667492834085 10.0 582
1667492834111 10.0 583
1667492834137 10.0 584
1667492834159 8.0 585
1667492834186 10.0 586
1667492834211 9.0 587
1667492834233 8.0 588
1667492834258 9.0 589
1667492834285 10.0 590
1667492834310 9.0 591
1667492834336 10.0 592
1667492834363 10.0 593
1667492834389 10.0 594
1667492834418 10.0 595
1667492834445 10.0 596
1667492834469 9.0 597
1667492834495 10.0 598
1667492834521 9.0 599
1667492834545 9.0 600
1667492834568 9.0 601
1667492834594 10.0 602
1667492834620 9.0 603
1667492834646 9.0 604
1667492834670 9.0 605
1667492834696 10.0 606
1667492834721 9.0 607
1667492834746 9.0 608
1667492834769 9.0 609
1667492834791 8.0 610
1667492834820 9.0 611
1667492834846 8.0 612
1667492834872 10.0 613
1667492834899 10.0 614
1667492834923 9.0 615
1667492834948 8.0 616
1667492834972 9.0 617
1667492834997 9.0 618
1667492835024 10.0 619
1667492835049 9.0 620
1667492835076 10.0 621
1667492835102 10.0 622
1667492835125 9.0 623
1667492835150 9.0 624
1667492835172 9.0 625
1667492835198 10.0 626
1667492835222 9.0 627
1667492835245 8.0 628
1667492835267 8.0 629
1667492835293 10.0 630
1667492835320 10.0 631
1667492835344 9.0 632
1667492835369 9.0 633
1667492835398 9.0 634
1667492835427 9.0 635
1667492835458 10.0 636
1667492835487 9.0 637
1667492835521 10.0 638
1667492835546 8.0 639
1667492835570 8.0 640
1667492835594 9.0 641
1667492835618 9.0 642
1667492835644 10.0 643
1667492835670 10.0 644
1667492835696 10.0 645
1667492835723 10.0 646
1667492835747 9.0 647
1667492835775 10.0 648
1667492835799 9.0 649
1667492835826 10.0 650
1667492835849 8.0 651
1667492835878 10.0 652
1667492835904 10.0 653
1667492835934 11.0 654
1667492835964 11.0 655
1667492835990 9.0 656
1667492836015 8.0 657
1667492836037 8.0 658
1667492836064 10.0 659
1667492836088 9.0 660
1667492836129 11.0 661
1667492836168 9.0 662
1667492836205 10.0 663
1667492836236 10.0 664
1667492836269 10.0 665
1667492836297 10.0 666
1667492836320 8.0 667
1667492836346 9.0 668
1667492836375 10.0 669
1667492836403 10.0 670
1667492836432 10.0 671
1667492836462 11.0 672
1667492836493 10.0 673
1667492836519 9.0 674
1667492836545 9.0 675
1667492836572 10.0 676
1667492836602 10.0 677
1667492836630 10.0 678
1667492836654 9.0 679
1667492836679 9.0 680
1667492836713 10.0 681
1667492836739 9.0 682
1667492836766 9.0 683
1667492836790 9.0 684
1667492836819 9.0 685
1667492836858 10.0 686
1667492836896 10.0 687
1667492836935 10.0 688
1667492836963 8.0 689
1667492837003 10.0 690
1667492837036 9.0 691
1667492837065 10.0 692
1667492837093 10.0 693
1667492837117 9.0 694
1667492837142 9.0 695
1667492837164 8.0 696
1667492837186 8.0 697
1667492837214 9.0 698
1667492837241 10.0 699
1667492837267 9.0 700
1667492837290 8.0 701
1667492837316 9.0 702
1667492837343 10.0 703
1667492837365 8.0 704
1667492837389 9.0 705
1667492837414 9.0 706
1667492837439 9.0 707
1667492837463 9.0 708
1667492837489 10.0 709
1667492837518 11.0 710
1667492837541 8.0 711
1667492837566 9.0 712
1667492837590 9.0 713
1667492837614 9.0 714
1667492837635 8.0 715
1667492837661 9.0 716
1667492837687 10.0 717
1667492837711 9.0 718
1667492837738 10.0 719
1667492837763 9.0 720
1667492837787 9.0 721
1667492837810 9.0 722
1667492837831 8.0 723
1667492837853 8.0 724
1667492837877 9.0 725
1667492837904 10.0 726
1667492837931 9.0 727
1667492837958 10.0 728
1667492837983 8.0 729
1667492838010 9.0 730
1667492838035 9.0 731
1667492838058 8.0 732
1667492838085 10.0 733
1667492838114 10.0 734
1667492838137 8.0 735
1667492838165 10.0 736
1667492838190 9.0 737
1667492838216 9.0 738
1667492838241 9.0 739
1667492838265 9.0 740
1667492838288 9.0 741
1667492838315 10.0 742
1667492838339 8.0 743
1667492838366 9.0 744
1667492838395 10.0 745
1667492838417 8.0 746
1667492838444 9.0 747
1667492838469 9.0 748
1667492838493 9.0 749
1667492838518 10.0 750
1667492838547 10.0 751
1667492838573 10.0 752
1667492838598 9.0 753
1667492838624 10.0 754
1667492838653 10.0 755
1667492838679 10.0 756
1667492838703 9.0 757
1667492838728 9.0 758
1667492838756 10.0 759
1667492838784 10.0 760
1667492838808 9.0 761
1667492838836 10.0 762
1667492838862 9.0 763
1667492838889 10.0 764
1667492838915 9.0 765
1667492838943 10.0 766
1667492838970 10.0 767
1667492839000 9.0 768
1667492839024 8.0 769
1667492839047 8.0 770
1667492839075 10.0 771
1667492839104 11.0 772
1667492839131 10.0 773
1667492839156 10.0 774
1667492839180 8.0 775
1667492839204 9.0 776
1667492839231 10.0 777
1667492839255 9.0 778
1667492839280 9.0 779
1667492839307 10.0 780
1667492839332 9.0 781
1667492839358 10.0 782
1667492839387 11.0 783
1667492839413 9.0 784
1667492839437 9.0 785
1667492839461 9.0 786
1667492839484 9.0 787
1667492839506 8.0 788
1667492839533 9.0 789
1667492839557 9.0 790
1667492839583 10.0 791
1667492839609 10.0 792
1667492839634 9.0 793
1667492839658 9.0 794
1667492839682 9.0 795
1667492839706 9.0 796
1667492839733 10.0 797
1667492839761 10.0 798
1667492839784 9.0 799
1667492839808 9.0 800
1667492839834 10.0 801
1667492839862 10.0 802
1667492839887 10.0 803
1667492839911 9.0 804
1667492839936 9.0 805
1667492839959 8.0 806
1667492839983 9.0 807
1667492840007 9.0 808
1667492840033 10.0 809
1667492840057 9.0 810
1667492840084 10.0 811
1667492840108 9.0 812
1667492840131 8.0 813
1667492840155 9.0 814
1667492840179 9.0 815
1667492840203 9.0 816
1667492840231 11.0 817
1667492840257 10.0 818
1667492840280 8.0 819
1667492840306 10.0 820
1667492840332 9.0 821
1667492840358 10.0 822
1667492840383 9.0 823
1667492840407 9.0 824
1667492840431 9.0 825
1667492840458 10.0 826
1667492840481 8.0 827
1667492840505 9.0 828
1667492840530 9.0 829
1667492840555 10.0 830
1667492840583 10.0 831
1667492840606 9.0 832
1667492840633 10.0 833
1667492840661 11.0 834
1667492840685 9.0 835
1667492840710 9.0 836
1667492840734 9.0 837
1667492840759 10.0 838
1667492840785 10.0 839
1667492840808 9.0 840
1667492840836 10.0 841
1667492840862 10.0 842
1667492840884 8.0 843
1667492840910 10.0 844
1667492840935 9.0 845
1667492840961 10.0 846
1667492840985 9.0 847
1667492841010 9.0 848
1667492841033 9.0 849
1667492841060 10.0 850
1667492841084 9.0 851
1667492841112 11.0 852
1667492841137 9.0 853
1667492841163 10.0 854
1667492841190 10.0 855
1667492841216 10.0 856
1667492841238 8.0 857
1667492841260 8.0 858
1667492841285 10.0 859
1667492841313 10.0 860
1667492841337 9.0 861
1667492841363 10.0 862
1667492841390 10.0 863
1667492841418 9.0 864
1667492841446 10.0 865
1667492841469 8.0 866
1667492841492 8.0 867
1667492841520 10.0 868
1667492841548 10.0 869
1667492841573 10.0 870
1667492841599 9.0 871
1667492841624 8.0 872
1667492841649 9.0 873
1667492841673 9.0 874
1667492841700 10.0 875
1667492841726 9.0 876
1667492841752 9.0 877
1667492841776 9.0 878
1667492841800 9.0 879
1667492841826 10.0 880
1667492841853 9.0 881
1667492841878 9.0 882
1667492841905 10.0 883
1667492841934 10.0 884
1667492841957 8.0 885
1667492841984 10.0 886
1667492842010 9.0 887
1667492842037 10.0 888
1667492842067 10.0 889
1667492842093 10.0 890
1667492842119 10.0 891
1667492842143 9.0 892
1667492842168 9.0 893
1667492842196 10.0 894
1667492842225 10.0 895
1667492842255 9.0 896
1667492842282 8.0 897
1667492842315 9.0 898
1667492842342 10.0 899
1667492842369 10.0 900
1667492842403 9.0 901
1667492842441 8.0 902
1667492842481 10.0 903
1667492842514 10.0 904
1667492842551 9.0 905
1667492842580 10.0 906
1667492842610 10.0 907
1667492842653 9.0 908
1667492842682 10.0 909
1667492842707 9.0 910
1667492842733 9.0 911
1667492842761 10.0 912
1667492842786 9.0 913
1667492842809 8.0 914
1667492842833 9.0 915
1667492842857 9.0 916
1667492842883 10.0 917
1667492842911 10.0 918
1667492842934 9.0 919
1667492842961 10.0 920
1667492842983 8.0 921
1667492843009 10.0 922
1667492843036 10.0 923
1667492843061 10.0 924
1667492843084 9.0 925
1667492843108 9.0 926
1667492843133 10.0 927
1667492843159 9.0 928
1667492843185 10.0 929
1667492843219 10.0 930
1667492843245 10.0 931
1667492843273 11.0 932
1667492843298 9.0 933
1667492843324 10.0 934
1667492843349 10.0 935
1667492843374 9.0 936
1667492843398 9.0 937
1667492843425 11.0 938
1667492843450 9.0 939
1667492843474 9.0 940
1667492843498 9.0 941
1667492843523 10.0 942
1667492843549 10.0 943
1667492843571 8.0 944
1667492843596 9.0 945
1667492843622 10.0 946
1667492843651 11.0 947
1667492843676 9.0 948
1667492843703 10.0 949
1667492843727 9.0 950
1667492843753 10.0 951
1667492843777 9.0 952
1667492843805 10.0 953
1667492843831 10.0 954
1667492843854 9.0 955
1667492843885 9.0 956
1667492843909 9.0 957
1667492843932 8.0 958
1667492843958 9.0 959
1667492843986 10.0 960
1667492844015 10.0 961
1667492844040 9.0 962
1667492844065 9.0 963
1667492844090 9.0 964
1667492844116 9.0 965
1667492844143 10.0 966
1667492844165 8.0 967
1667492844190 9.0 968
1667492844213 8.0 969
1667492844241 10.0 970
1667492844268 10.0 971
1667492844289 8.0 972
1667492844314 9.0 973
1667492844340 9.0 974
1667492844362 8.0 975
1667492844388 10.0 976
1667492844415 9.0 977
1667492844443 10.0 978
1667492844469 9.0 979
1667492844496 10.0 980
1667492844522 10.0 981
1667492844549 9.0 982
1667492844573 9.0 983
1667492844597 9.0 984
1667492844619 8.0 985
1667492844644 9.0 986
1667492844666 8.0 987
1667492844693 10.0 988
1667492844718 9.0 989
1667492844745 10.0 990
1667492844770 9.0 991
1667492844799 11.0 992
1667492844823 9.0 993
1667492844851 10.0 994
1667492844876 9.0 995
1667492844900 9.0 996
1667492844923 9.0 997
1667492844948 9.0 998
1667492844973 10.0 999
1667492845002 10.0 1000
1667492845029 10.0 1001
1667492845055 10.0 1002
1667492845081 10.0 1003
1667492845103 8.0 1004
1667492845129 10.0 1005
1667492845154 9.0 1006
1667492845177 9.0 1007
1667492845199 8.0 1008
1667492845225 9.0 1009
1667492845252 10.0 1010
1667492845279 10.0 1011
1667492845303 9.0 1012
1667492845335 10.0 1013
1667492845363 10.0 1014
1667492845386 9.0 1015
1667492845411 9.0 1016
1667492845441 10.0 1017
1667492845467 10.0 1018
1667492845495 11.0 1019
1667492845521 9.0 1020
1667492845547 8.0 1021
1667492845571 9.0 1022
1667492845597 9.0 1023
1667492845625 10.0 1024
1667492845652 9.0 1025
1667492845675 8.0 1026
1667492845702 10.0 1027
1667492845728 10.0 1028
1667492845757 10.0 1029
1667492845779 8.0 1030
1667492845801 8.0 1031
1667492845829 10.0 1032
1667492845855 9.0 1033
1667492845878 8.0 1034
1667492845905 10.0 1035
1667492845940 11.0 1036
1667492845965 8.0 1037
1667492845990 9.0 1038
1667492846017 9.0 1039
1667492846040 8.0 1040
1667492846069 10.0 1041
1667492846092 8.0 1042
1667492846119 10.0 1043
1667492846146 10.0 1044
1667492846173 10.0 1045
1667492846198 9.0 1046
1667492846225 10.0 1047
1667492846252 10.0 1048
1667492846278 9.0 1049
1667492846304 10.0 1050
1667492846331 10.0 1051
1667492846354 9.0 1052
1667492846379 9.0 1053
1667492846405 10.0 1054
1667492846432 10.0 1055
1667492846457 10.0 1056
1667492846482 9.0 1057
1667492846506 9.0 1058
1667492846534 10.0 1059
1667492846560 9.0 1060
1667492846589 10.0 1061
1667492846614 9.0 1062
1667492846636 8.0 1063
1667492846660 9.0 1064
1667492846682 8.0 1065
1667492846704 8.0 1066
1667492846726 8.0 1067
1667492846751 10.0 1068
1667492846775 9.0 1069
1667492846800 9.0 1070
1667492846826 10.0 1071
1667492846851 9.0 1072
1667492846876 10.0 1073
1667492846900 9.0 1074
1667492846924 9.0 1075
1667492846951 10.0 1076
1667492846979 11.0 1077
1667492847006 10.0 1078
1667492847031 9.0 1079
1667492847057 10.0 1080
1667492847082 9.0 1081
1667492847108 10.0 1082
1667492847132 9.0 1083
1667492847156 9.0 1084
1667492847179 9.0 1085
1667492847201 8.0 1086
1667492847225 9.0 1087
1667492847249 9.0 1088
1667492847270 8.0 1089
1667492847297 10.0 1090
1667492847324 10.0 1091
1667492847350 10.0 1092
1667492847377 11.0 1093
1667492847403 10.0 1094
1667492847429 10.0 1095
1667492847452 8.0 1096
1667492847477 10.0 1097
1667492847503 10.0 1098
1667492847529 10.0 1099
1667492847550 8.0 1100
1667492847572 8.0 1101
1667492847596 9.0 1102
1667492847620 9.0 1103
1667492847646 10.0 1104
1667492847671 10.0 1105
1667492847696 9.0 1106
1667492847719 9.0 1107
1667492847744 10.0 1108
1667492847771 10.0 1109
1667492847795 9.0 1110
1667492847823 10.0 1111
1667492847849 9.0 1112
1667492847875 10.0 1113
1667492847900 9.0 1114
1667492847923 9.0 1115
1667492847951 10.0 1116
1667492847977 10.0 1117
1667492847998 8.0 1118
1667492848022 9.0 1119
1667492848051 11.0 1120
1667492848079 10.0 1121
1667492848103 9.0 1122
1667492848129 10.0 1123
1667492848157 11.0 1124
1667492848184 10.0 1125
1667492848210 10.0 1126
1667492848231 8.0 1127
1667492848256 9.0 1128
1667492848282 10.0 1129
1667492848307 9.0 1130
1667492848330 8.0 1131
1667492848354 9.0 1132
1667492848377 9.0 1133
1667492848403 10.0 1134
1667492848426 8.0 1135
1667492848453 10.0 1136
1667492848475 8.0 1137
1667492848502 10.0 1138
1667492848529 10.0 1139
1667492848556 10.0 1140
1667492848581 10.0 1141
1667492848606 10.0 1142
1667492848630 9.0 1143
1667492848655 9.0 1144
1667492848678 9.0 1145
1667492848701 9.0 1146
1667492848723 9.0 1147
1667492848745 8.0 1148
1667492848768 8.0 1149
1667492848794 10.0 1150
1667492848819 9.0 1151
1667492848847 10.0 1152
1667492848873 10.0 1153
1667492848898 9.0 1154
1667492848921 9.0 1155
1667492848949 11.0 1156
1667492848973 9.0 1157
1667492848997 9.0 1158
1667492849023 9.0 1159
1667492849047 9.0 1160
1667492849071 9.0 1161
1667492849097 10.0 1162
1667492849119 8.0 1163
1667492849145 9.0 1164
1667492849171 10.0 1165
1667492849197 10.0 1166
1667492849222 10.0 1167
1667492849247 9.0 1168
1667492849272 9.0 1169
1667492849296 9.0 1170
1667492849318 9.0 1171
1667492849343 10.0 1172
1667492849369 10.0 1173
1667492849395 10.0 1174
1667492849421 10.0 1175
1667492849446 10.0 1176
1667492849470 9.0 1177
1667492849496 10.0 1178
1667492849521 9.0 1179
1667492849551 8.0 1180
1667492849581 11.0 1181
1667492849604 9.0 1182
1667492849627 9.0 1183
1667492849651 9.0 1184
1667492849676 10.0 1185
1667492849700 9.0 1186
1667492849725 10.0 1187
1667492849751 10.0 1188
1667492849777 10.0 1189
1667492849802 10.0 1190
1667492849826 10.0 1191
1667492849848 8.0 1192
1667492849871 9.0 1193
1667492849898 10.0 1194
1667492849924 10.0 1195
1667492849946 8.0 1196
1667492849971 10.0 1197
1667492849993 8.0 1198
1667492850021 10.0 1199
1667492850047 10.0 1200
1667492850071 9.0 1201
1667492850098 10.0 1202
1667492850123 9.0 1203
1667492850147 8.0 1204
1667492850172 9.0 1205
1667492850197 8.0 1206
1667492850224 10.0 1207
1667492850251 9.0 1208
1667492850276 9.0 1209
1667492850302 10.0 1210
1667492850330 10.0 1211
1667492850355 9.0 1212
1667492850379 9.0 1213
1667492850402 9.0 1214
1667492850425 9.0 1215
1667492850451 10.0 1216
1667492850474 8.0 1217
1667492850503 11.0 1218
1667492850527 9.0 1219
1667492850553 9.0 1220
1667492850577 9.0 1221
1667492850598 8.0 1222
1667492850624 10.0 1223
1667492850649 9.0 1224
1667492850677 11.0 1225
1667492850704 10.0 1226
1667492850730 10.0 1227
1667492850751 8.0 1228
1667492850775 9.0 1229
1667492850799 9.0 1230
1667492850826 10.0 1231
1667492850852 10.0 1232
1667492850873 8.0 1233
1667492850899 10.0 1234
1667492850925 10.0 1235
1667492850950 9.0 1236
1667492850973 9.0 1237
1667492850996 9.0 1238
1667492851022 10.0 1239
1667492851047 9.0 1240
1667492851071 9.0 1241
1667492851096 10.0 1242
1667492851120 9.0 1243
1667492851146 10.0 1244
1667492851172 10.0 1245
1667492851197 9.0 1246
1667492851218 8.0 1247
1667492851240 8.0 1248
1667492851264 9.0 1249
1667492851289 10.0 1250
1667492851314 8.0 1251
1667492851340 10.0 1252
1667492851366 9.0 1253
1667492851392 10.0 1254
1667492851417 9.0 1255
1667492851446 10.0 1256
1667492851470 9.0 1257
1667492851498 10.0 1258
1667492851523 9.0 1259
1667492851550 9.0 1260
1667492851578 9.0 1261
1667492851602 9.0 1262
1667492851629 10.0 1263
1667492851654 9.0 1264
1667492851683 10.0 1265
1667492851708 9.0 1266
1667492851738 9.0 1267
1667492851769 10.0 1268
1667492851798 10.0 1269
1667492851824 10.0 1270
1667492851851 10.0 1271
1667492851876 9.0 1272
1667492851904 10.0 1273
1667492851927 8.0 1274
1667492851954 10.0 1275
1667492851979 9.0 1276
1667492852007 10.0 1277
1667492852034 10.0 1278
1667492852059 10.0 1279
1667492852082 9.0 1280
1667492852107 9.0 1281
1667492852133 10.0 1282
1667492852160 10.0 1283
1667492852183 9.0 1284
1667492852209 9.0 1285
1667492852235 10.0 1286
1667492852261 9.0 1287
1667492852286 8.0 1288
1667492852333 9.0 1289
1667492852374 8.0 1290
1667492852401 9.0 1291
1667492852430 10.0 1292
1667492852458 10.0 1293
1667492852484 10.0 1294
1667492852509 10.0 1295
1667492852533 9.0 1296
1667492852564 11.0 1297
1667492852588 9.0 1298
1667492852613 9.0 1299
1667492852636 9.0 1300
1667492852662 9.0 1301
1667492852686 9.0 1302
1667492852710 9.0 1303
1667492852738 10.0 1304
1667492852767 10.0 1305
1667492852793 10.0 1306
1667492852817 9.0 1307
1667492852844 10.0 1308
1667492852871 10.0 1309
1667492852895 9.0 1310
1667492852919 9.0 1311
1667492852944 9.0 1312
1667492852967 9.0 1313
1667492852994 10.0 1314
1667492853020 10.0 1315
1667492853046 10.0 1316
1667492853071 10.0 1317
1667492853097 10.0 1318
1667492853122 10.0 1319
1667492853146 9.0 1320
1667492853172 10.0 1321
1667492853200 10.0 1322
1667492853225 10.0 1323
1667492853249 9.0 1324
1667492853272 9.0 1325
1667492853295 9.0 1326
1667492853320 9.0 1327
1667492853346 10.0 1328
1667492853371 10.0 1329
1667492853396 10.0 1330
1667492853421 9.0 1331
1667492853448 10.0 1332
1667492853476 11.0 1333
1667492853502 10.0 1334
1667492853526 8.0 1335
1667492853548 8.0 1336
1667492853570 8.0 1337
1667492853596 10.0 1338
1667492853622 10.0 1339
1667492853648 9.0 1340
1667492853675 10.0 1341
1667492853703 11.0 1342
1667492853725 8.0 1343
1667492853754 10.0 1344
1667492853781 10.0 1345
1667492853804 9.0 1346
1667492853829 9.0 1347
1667492853852 8.0 1348
1667492853879 10.0 1349
1667492853906 10.0 1350
1667492853931 9.0 1351
1667492853957 8.0 1352
1667492853986 11.0 1353
1667492854009 8.0 1354
1667492854035 10.0 1355
1667492854060 9.0 1356
1667492854087 10.0 1357
1667492854112 10.0 1358
1667492854137 10.0 1359
1667492854165 10.0 1360
1667492854186 8.0 1361
1667492854210 9.0 1362
1667492854233 8.0 1363
1667492854257 8.0 1364
1667492854283 9.0 1365
1667492854307 9.0 1366
1667492854331 9.0 1367
1667492854354 8.0 1368
1667492854381 10.0 1369
1667492854404 8.0 1370
1667492854431 9.0 1371
1667492854455 9.0 1372
1667492854479 9.0 1373
1667492854504 10.0 1374
1667492854535 10.0 1375
1667492854561 10.0 1376
1667492854585 9.0 1377
1667492854611 10.0 1378
1667492854638 10.0 1379
1667492854664 10.0 1380
1667492854685 8.0 1381
1667492854706 8.0 1382
1667492854732 10.0 1383
1667492854758 9.0 1384
1667492854782 9.0 1385
1667492854807 10.0 1386
1667492854831 9.0 1387
1667492854857 10.0 1388
1667492854885 10.0 1389
1667492854910 10.0 1390
1667492854936 10.0 1391
1667492854962 10.0 1392
1667492854988 9.0 1393
1667492855015 10.0 1394
1667492855039 9.0 1395
1667492855067 10.0 1396
1667492855093 9.0 1397
1667492855117 9.0 1398
1667492855138 8.0 1399
1667492855160 8.0 1400
1667492855181 8.0 1401
1667492855205 9.0 1402
1667492855232 10.0 1403
1667492855254 8.0 1404
1667492855278 9.0 1405
1667492855304 10.0 1406
1667492855331 9.0 1407
1667492855355 9.0 1408
1667492855380 8.0 1409
1667492855408 10.0 1410
1667492855437 10.0 1411
1667492855467 10.0 1412
1667492855494 10.0 1413
1667492855520 10.0 1414
1667492855545 9.0 1415
1667492855570 9.0 1416
1667492855597 10.0 1417
1667492855622 9.0 1418
1667492855651 10.0 1419
1667492855677 9.0 1420
1667492855705 10.0 1421
1667492855730 9.0 1422
1667492855753 8.0 1423
1667492855780 10.0 1424
1667492855808 11.0 1425
1667492855836 10.0 1426
1667492855863 10.0 1427
1667492855891 10.0 1428
1667492855916 9.0 1429
1667492855940 9.0 1430
1667492855962 8.0 1431
1667492855988 10.0 1432
1667492856014 9.0 1433
1667492856040 10.0 1434
1667492856064 8.0 1435
1667492856089 9.0 1436
1667492856117 10.0 1437
1667492856146 10.0 1438
1667492856168 8.0 1439
1667492856192 9.0 1440
1667492856215 8.0 1441
1667492856241 10.0 1442
1667492856267 9.0 1443
1667492856294 10.0 1444
1667492856325 11.0 1445
1667492856352 10.0 1446
1667492856378 10.0 1447
1667492856402 9.0 1448
1667492856429 10.0 1449
1667492856461 10.0 1450
1667492856494 9.0 1451
1667492856520 10.0 1452
1667492856550 11.0 1453
1667492856578 11.0 1454
1667492856601 9.0 1455
1667492856624 9.0 1456
1667492856648 9.0 1457
1667492856671 9.0 1458
1667492856694 9.0 1459
1667492856719 10.0 1460
1667492856744 9.0 1461
1667492856769 9.0 1462
1667492856792 9.0 1463
1667492856816 9.0 1464
1667492856839 9.0 1465
1667492856867 11.0 1466
1667492856894 10.0 1467
1667492856920 10.0 1468
1667492856946 10.0 1469
1667492856969 9.0 1470
1667492856992 8.0 1471
1667492857018 10.0 1472
1667492857042 9.0 1473
1667492857068 10.0 1474
1667492857090 8.0 1475
1667492857117 10.0 1476
1667492857143 10.0 1477
1667492857168 10.0 1478
1667492857192 9.0 1479
1667492857219 10.0 1480
1667492857245 10.0 1481
1667492857269 9.0 1482
1667492857293 9.0 1483
1667492857317 9.0 1484
1667492857343 10.0 1485
1667492857367 9.0 1486
1667492857390 9.0 1487
1667492857417 10.0 1488
1667492857444 10.0 1489
1667492857467 9.0 1490
1667492857493 10.0 1491
1667492857517 9.0 1492
1667492857543 10.0 1493
1667492857566 8.0 1494
1667492857594 11.0 1495
1667492857616 8.0 1496
1667492857640 9.0 1497
1667492857664 9.0 1498
1667492857686 8.0 1499
1667492857708 8.0 1500
1667492857731 9.0 1501
1667492857763 10.0 1502
1667492857794 10.0 1503
1667492857824 10.0 1504
1667492857848 9.0 1505
1667492857874 9.0 1506
1667492857901 10.0 1507
1667492857941 10.0 1508
1667492857988 9.0 1509
1667492858013 9.0 1510
1667492858040 10.0 1511
1667492858066 9.0 1512
1667492858089 9.0 1513
1667492858115 10.0 1514
1667492858137 8.0 1515
1667492858163 10.0 1516
1667492858188 9.0 1517
1667492858212 9.0 1518
1667492858237 10.0 1519
1667492858261 9.0 1520
1667492858286 9.0 1521
1667492858311 9.0 1522
1667492858334 9.0 1523
1667492858357 9.0 1524
1667492858379 8.0 1525
1667492858403 9.0 1526
1667492858427 8.0 1527
1667492858449 8.0 1528
1667492858470 8.0 1529
1667492858494 9.0 1530
1667492858521 10.0 1531
1667492858546 9.0 1532
1667492858570 9.0 1533
1667492858594 9.0 1534
1667492858617 9.0 1535
1667492858642 10.0 1536
1667492858669 10.0 1537
1667492858695 10.0 1538
1667492858716 8.0 1539
1667492858742 10.0 1540
1667492858765 8.0 1541
1667492858792 10.0 1542
1667492858816 9.0 1543
1667492858840 9.0 1544
1667492858867 10.0 1545
1667492858889 8.0 1546
1667492858915 9.0 1547
1667492858941 10.0 1548
1667492858967 10.0 1549
1667492858993 10.0 1550
1667492859018 9.0 1551
1667492859041 8.0 1552
1667492859068 10.0 1553
1667492859095 9.0 1554
1667492859124 9.0 1555
1667492859154 10.0 1556
1667492859182 10.0 1557
1667492859203 8.0 1558
1667492859227 9.0 1559
1667492859254 10.0 1560
1667492859283 9.0 1561
1667492859309 9.0 1562
1667492859334 9.0 1563
1667492859363 10.0 1564
1667492859390 10.0 1565
1667492859414 9.0 1566
1667492859437 9.0 1567
1667492859463 10.0 1568
1667492859488 9.0 1569
1667492859512 9.0 1570
1667492859533 8.0 1571
1667492859557 9.0 1572
1667492859584 10.0 1573
1667492859611 10.0 1574
1667492859636 10.0 1575
1667492859657 8.0 1576
1667492859687 10.0 1577
1667492859724 10.0 1578
1667492859755 9.0 1579
1667492859788 10.0 1580
1667492859813 9.0 1581
1667492859835 8.0 1582
1667492859856 8.0 1583
1667492859881 9.0 1584
1667492859906 10.0 1585
1667492859932 10.0 1586
1667492859963 10.0 1587
1667492859992 10.0 1588
1667492860016 8.0 1589
1667492860046 9.0 1590
1667492860072 9.0 1591
1667492860098 10.0 1592
1667492860121 9.0 1593
1667492860145 9.0 1594
1667492860171 10.0 1595
1667492860198 10.0 1596
1667492860219 8.0 1597
1667492860248 11.0 1598
1667492860274 10.0 1599
1667492860301 10.0 1600
1667492860324 9.0 1601
1667492860350 10.0 1602
1667492860372 8.0 1603
1667492860397 9.0 1604
1667492860423 10.0 1605
1667492860449 10.0 1606
1667492860475 10.0 1607
1667492860497 8.0 1608
1667492860519 8.0 1609
1667492860546 10.0 1610
1667492860571 9.0 1611
1667492860601 11.0 1612
1667492860628 10.0 1613
1667492860650 8.0 1614
1667492860679 11.0 1615
1667492860703 9.0 1616
1667492860728 9.0 1617
1667492860754 10.0 1618
1667492860779 9.0 1619
1667492860803 9.0 1620
1667492860831 10.0 1621
1667492860858 9.0 1622
1667492860897 11.0 1623
1667492860922 8.0 1624
1667492860947 9.0 1625
1667492860971 9.0 1626
1667492860993 8.0 1627
1667492861018 9.0 1628
1667492861041 9.0 1629
1667492861065 9.0 1630
1667492861090 9.0 1631
1667492861116 10.0 1632
1667492861146 10.0 1633
1667492861172 10.0 1634
1667492861199 10.0 1635
1667492861224 10.0 1636
1667492861248 9.0 1637
1667492861274 10.0 1638
1667492861298 9.0 1639
1667492861324 10.0 1640
1667492861348 9.0 1641
1667492861371 9.0 1642
1667492861394 9.0 1643
1667492861421 10.0 1644
1667492861445 9.0 1645
1667492861470 10.0 1646
1667492861492 8.0 1647
1667492861518 10.0 1648
1667492861543 9.0 1649
1667492861565 8.0 1650
1667492861589 9.0 1651
1667492861615 10.0 1652
1667492861637 8.0 1653
1667492861664 10.0 1654
1667492861686 8.0 1655
1667492861710 9.0 1656
1667492861734 9.0 1657
1667492861760 10.0 1658
1667492861783 8.0 1659
1667492861804 8.0 1660
1667492861825 8.0 1661
1667492861851 10.0 1662
1667492861875 9.0 1663
1667492861901 9.0 1664
1667492861927 10.0 1665
1667492861951 9.0 1666
1667492861973 8.0 1667
1667492861996 8.0 1668
1667492862021 9.0 1669
1667492862048 10.0 1670
1667492862071 9.0 1671
1667492862095 9.0 1672
1667492862118 9.0 1673
1667492862146 10.0 1674
1667492862172 10.0 1675
1667492862194 8.0 1676
1667492862220 10.0 1677
1667492862244 9.0 1678
1667492862270 9.0 1679
1667492862294 9.0 1680
1667492862318 9.0 1681
1667492862342 9.0 1682
1667492862366 9.0 1683
1667492862393 10.0 1684
1667492862419 10.0 1685
1667492862446 10.0 1686
1667492862470 9.0 1687
1667492862492 8.0 1688
1667492862517 9.0 1689
1667492862544 10.0 1690
1667492862570 10.0 1691
1667492862595 10.0 1692
1667492862620 10.0 1693
1667492862645 9.0 1694
1667492862671 10.0 1695
1667492862699 11.0 1696
1667492862722 9.0 1697
1667492862746 9.0 1698
1667492862768 8.0 1699
1667492862794 10.0 1700
1667492862819 10.0 1701
1667492862844 10.0 1702
1667492862869 10.0 1703
1667492862898 11.0 1704
1667492862921 9.0 1705
1667492862947 10.0 1706
1667492862969 8.0 1707
1667492862993 9.0 1708
1667492863022 11.0 1709
1667492863047 9.0 1710
1667492863075 10.0 1711
1667492863099 8.0 1712
1667492863126 10.0 1713
1667492863161 10.0 1714
1667492863191 9.0 1715
1667492863220 10.0 1716
1667492863246 10.0 1717
1667492863271 9.0 1718
1667492863298 10.0 1719
1667492863323 10.0 1720
1667492863350 10.0 1721
1667492863378 10.0 1722
1667492863404 10.0 1723
1667492863433 11.0 1724
1667492863457 9.0 1725
1667492863485 10.0 1726
1667492863509 9.0 1727
1667492863535 10.0 1728
1667492863562 10.0 1729
1667492863588 10.0 1730
1667492863615 10.0 1731
1667492863639 9.0 1732
1667492863664 9.0 1733
1667492863691 10.0 1734
1667492863713 8.0 1735
1667492863739 10.0 1736
1667492863765 9.0 1737
1667492863792 10.0 1738
1667492863818 10.0 1739
1667492863839 8.0 1740
1667492863867 10.0 1741
1667492863892 9.0 1742
1667492863918 10.0 1743
1667492863944 10.0 1744
1667492863966 8.0 1745
1667492863989 9.0 1746
1667492864014 9.0 1747
1667492864037 9.0 1748
1667492864062 10.0 1749
1667492864087 9.0 1750
1667492864110 9.0 1751
1667492864143 10.0 1752
1667492864182 9.0 1753
1667492864208 9.0 1754
1667492864231 9.0 1755
1667492864254 9.0 1756
1667492864281 10.0 1757
1667492864307 10.0 1758
1667492864329 8.0 1759
1667492864353 9.0 1760
1667492864380 10.0 1761
1667492864406 9.0 1762
1667492864430 9.0 1763
1667492864456 10.0 1764
1667492864480 8.0 1765
1667492864506 10.0 1766
1667492864531 9.0 1767
1667492864555 9.0 1768
1667492864579 9.0 1769
1667492864603 9.0 1770
1667492864627 9.0 1771
1667492864654 10.0 1772
1667492864679 9.0 1773
1667492864702 9.0 1774
1667492864725 9.0 1775
1667492864749 9.0 1776
1667492864776 10.0 1777
1667492864800 9.0 1778
1667492864823 9.0 1779
1667492864845 8.0 1780
1667492864869 9.0 1781
1667492864894 9.0 1782
1667492864915 8.0 1783
1667492864939 9.0 1784
1667492864962 8.0 1785
1667492864989 10.0 1786
1667492865019 11.0 1787
1667492865042 8.0 1788
1667492865066 9.0 1789
1667492865092 10.0 1790
1667492865117 9.0 1791
1667492865141 9.0 1792
1667492865165 9.0 1793
1667492865186 8.0 1794
1667492865208 8.0 1795
1667492865233 10.0 1796
1667492865259 10.0 1797
1667492865283 9.0 1798
1667492865306 9.0 1799
1667492865330 9.0 1800
1667492865351 8.0 1801
1667492865376 9.0 1802
1667492865402 10.0 1803
1667492865424 8.0 1804
1667492865452 11.0 1805
1667492865473 8.0 1806
1667492865498 9.0 1807
1667492865522 9.0 1808
1667492865545 9.0 1809
1667492865570 10.0 1810
1667492865595 9.0 1811
1667492865619 9.0 1812
1667492865642 9.0 1813
1667492865666 9.0 1814
1667492865691 10.0 1815
1667492865716 9.0 1816
1667492865741 9.0 1817
1667492865763 8.0 1818
1667492865787 9.0 1819
1667492865814 10.0 1820
1667492865840 10.0 1821
1667492865869 11.0 1822
1667492865893 9.0 1823
1667492865919 10.0 1824
1667492865944 10.0 1825
1667492865968 9.0 1826
1667492865995 10.0 1827
1667492866017 8.0 1828
1667492866041 9.0 1829
1667492866067 10.0 1830
1667492866088 8.0 1831
1667492866115 10.0 1832
1667492866141 10.0 1833
1667492866166 10.0 1834
1667492866191 10.0 1835
1667492866215 9.0 1836
1667492866239 9.0 1837
1667492866265 10.0 1838
1667492866289 9.0 1839
1667492866314 9.0 1840
1667492866339 10.0 1841
1667492866364 9.0 1842
1667492866387 9.0 1843
1667492866413 10.0 1844
1667492866434 8.0 1845
1667492866460 10.0 1846
1667492866485 9.0 1847
1667492866508 9.0 1848
1667492866534 10.0 1849
1667492866555 8.0 1850
1667492866578 8.0 1851
1667492866600 8.0 1852
1667492866623 9.0 1853
1667492866647 9.0 1854
1667492866672 10.0 1855
1667492866699 10.0 1856
1667492866721 8.0 1857
1667492866746 9.0 1858
1667492866769 9.0 1859
1667492866792 9.0 1860
1667492866819 10.0 1861
1667492866844 9.0 1862
1667492866867 9.0 1863
1667492866890 9.0 1864
1667492866917 10.0 1865
1667492866942 9.0 1866
1667492866970 9.0 1867
1667492867001 10.0 1868
1667492867026 9.0 1869
1667492867050 9.0 1870
1667492867077 10.0 1871
1667492867102 9.0 1872
1667492867128 10.0 1873
1667492867150 8.0 1874
1667492867176 10.0 1875
1667492867201 9.0 1876
1667492867231 8.0 1877
1667492867258 10.0 1878
1667492867282 9.0 1879
1667492867308 10.0 1880
1667492867332 9.0 1881
1667492867354 8.0 1882
1667492867379 9.0 1883
1667492867405 10.0 1884
1667492867432 10.0 1885
1667492867456 9.0 1886
1667492867483 10.0 1887
1667492867509 9.0 1888
1667492867533 9.0 1889
1667492867560 10.0 1890
1667492867587 10.0 1891
1667492867615 11.0 1892
1667492867641 10.0 1893
1667492867666 9.0 1894
1667492867691 9.0 1895
1667492867715 9.0 1896
1667492867738 9.0 1897
1667492867764 10.0 1898
1667492867792 10.0 1899
1667492867820 10.0 1900
1667492867846 10.0 1901
1667492867870 9.0 1902
1667492867895 9.0 1903
1667492867921 10.0 1904
1667492867945 9.0 1905
1667492867969 9.0 1906
1667492867992 9.0 1907
1667492868018 9.0 1908
1667492868042 9.0 1909
1667492868066 9.0 1910
1667492868090 9.0 1911
1667492868117 10.0 1912
1667492868143 10.0 1913
1667492868168 10.0 1914
1667492868194 10.0 1915
1667492868218 9.0 1916
1667492868242 9.0 1917
1667492868270 10.0 1918
1667492868296 9.0 1919
1667492868324 10.0 1920
1667492868352 9.0 1921
1667492868380 11.0 1922
1667492868404 9.0 1923
1667492868431 10.0 1924
1667492868457 10.0 1925
1667492868483 10.0 1926
1667492868510 10.0 1927
1667492868532 8.0 1928
1667492868557 9.0 1929
1667492868580 8.0 1930
1667492868604 9.0 1931
1667492868630 10.0 1932
1667492868653 9.0 1933
1667492868679 9.0 1934
1667492868705 10.0 1935
1667492868729 9.0 1936
1667492868756 10.0 1937
1667492868783 9.0 1938
1667492868805 8.0 1939
1667492868827 8.0 1940
1667492868852 10.0 1941
1667492868877 9.0 1942
1667492868904 10.0 1943
1667492868929 9.0 1944
1667492868952 9.0 1945
1667492868976 9.0 1946
1667492868999 8.0 1947
1667492869027 10.0 1948
1667492869055 10.0 1949
1667492869081 10.0 1950
1667492869105 9.0 1951
1667492869133 11.0 1952
1667492869160 10.0 1953
1667492869187 10.0 1954
1667492869214 10.0 1955
1667492869237 9.0 1956
1667492869262 9.0 1957
1667492869286 9.0 1958
1667492869309 8.0 1959
1667492869333 9.0 1960
1667492869356 8.0 1961
1667492869383 9.0 1962
1667492869407 9.0 1963
1667492869433 10.0 1964
1667492869458 9.0 1965
1667492869486 10.0 1966
1667492869508 8.0 1967
1667492869531 8.0 1968
1667492869552 8.0 1969
1667492869577 10.0 1970
1667492869602 9.0 1971
1667492869626 9.0 1972
1667492869649 9.0 1973
1667492869672 9.0 1974
1667492869699 10.0 1975
1667492869725 10.0 1976
1667492869751 10.0 1977
1667492869775 8.0 1978
1667492869804 10.0 1979
1667492869834 10.0 1980
1667492869861 10.0 1981
1667492869885 9.0 1982
1667492869908 9.0 1983
1667492869934 10.0 1984
1667492869958 9.0 1985
1667492869983 9.0 1986
1667492870005 8.0 1987
1667492870030 9.0 1988
1667492870053 9.0 1989
1667492870078 9.0 1990
1667492870102 9.0 1991
1667492870126 9.0 1992
1667492870150 9.0 1993
1667492870171 8.0 1994
1667492870196 9.0 1995
1667492870220 9.0 1996
1667492870246 10.0 1997
1667492870267 8.0 1998
1667492870294 10.0 1999
1667492870317 9.0 2000
1667492870345 10.0 2001
1667492870370 10.0 2002
1667492870394 9.0 2003
1667492870421 10.0 2004
1667492870446 9.0 2005
1667492870470 9.0 2006
1667492870497 10.0 2007
1667492870521 9.0 2008
1667492870545 9.0 2009
1667492870566 8.0 2010
1667492870589 8.0 2011
1667492870614 9.0 2012
1667492870638 9.0 2013
1667492870664 10.0 2014
1667492870693 11.0 2015
1667492870719 9.0 2016
1667492870744 9.0 2017
1667492870771 10.0 2018
1667492870800 10.0 2019
1667492870827 10.0 2020
1667492870853 9.0 2021
1667492870878 9.0 2022
1667492870904 10.0 2023
1667492870933 11.0 2024
1667492870961 10.0 2025
1667492870987 10.0 2026
1667492871013 10.0 2027
1667492871038 9.0 2028
1667492871065 9.0 2029
1667492871092 10.0 2030
1667492871119 10.0 2031
1667492871146 10.0 2032
1667492871180 9.0 2033
1667492871206 10.0 2034
1667492871234 10.0 2035
1667492871259 10.0 2036
1667492871287 10.0 2037
1667492871311 9.0 2038
1667492871333 8.0 2039
1667492871357 9.0 2040
1667492871384 10.0 2041
1667492871411 10.0 2042
1667492871437 10.0 2043
1667492871461 9.0 2044
1667492871485 9.0 2045
1667492871510 9.0 2046
1667492871536 10.0 2047
1667492871565 11.0 2048
1667492871591 10.0 2049
1667492871618 10.0 2050
1667492871643 9.0 2051
1667492871669 10.0 2052
1667492871696 10.0 2053
1667492871722 10.0 2054
1667492871749 10.0 2055
1667492871771 8.0 2056
1667492871796 9.0 2057
1667492871823 10.0 2058
1667492871848 9.0 2059
1667492871875 10.0 2060
1667492871900 9.0 2061
1667492871926 9.0 2062
1667492871950 9.0 2063
1667492871977 10.0 2064
1667492871999 8.0 2065
1667492872026 10.0 2066
1667492872052 9.0 2067
1667492872074 8.0 2068
1667492872102 10.0 2069
1667492872130 10.0 2070
1667492872158 10.0 2071
1667492872185 9.0 2072
1667492872209 9.0 2073
1667492872235 10.0 2074
1667492872262 10.0 2075
1667492872288 9.0 2076
1667492872314 9.0 2077
1667492872344 10.0 2078
1667492872375 10.0 2079
1667492872403 9.0 2080
1667492872430 10.0 2081
1667492872454 9.0 2082
1667492872482 10.0 2083
1667492872508 10.0 2084
1667492872533 10.0 2085
1667492872556 9.0 2086
1667492872582 9.0 2087
1667492872609 10.0 2088
1667492872636 10.0 2089
1667492872661 9.0 2090
1667492872690 10.0 2091
1667492872717 10.0 2092
1667492872740 9.0 2093
1667492872762 8.0 2094
1667492872788 9.0 2095
1667492872811 8.0 2096
1667492872837 10.0 2097
1667492872862 9.0 2098
1667492872885 8.0 2099
1667492872911 9.0 2100
1667492872934 9.0 2101
1667492872959 10.0 2102
1667492872987 10.0 2103
1667492873013 9.0 2104
1667492873040 10.0 2105
1667492873066 10.0 2106
1667492873087 8.0 2107
1667492873113 9.0 2108
1667492873138 10.0 2109
1667492873167 11.0 2110
1667492873190 9.0 2111
1667492873218 10.0 2112
1667492873244 10.0 2113
1667492873266 9.0 2114
1667492873295 11.0 2115
1667492873320 9.0 2116
1667492873346 10.0 2117
1667492873371 10.0 2118
1667492873395 9.0 2119
1667492873420 10.0 2120
1667492873446 9.0 2121
1667492873471 10.0 2122
1667492873498 10.0 2123
1667492873522 10.0 2124
1667492873549 10.0 2125
1667492873570 8.0 2126
1667492873595 9.0 2127
1667492873618 9.0 2128
1667492873642 9.0 2129
1667492873666 9.0 2130
1667492873692 10.0 2131
1667492873718 10.0 2132
1667492873745 10.0 2133
1667492873768 9.0 2134
1667492873796 10.0 2135
1667492873822 10.0 2136
1667492873848 10.0 2137
1667492873874 10.0 2138
1667492873900 10.0 2139
1667492873926 10.0 2140
1667492873951 10.0 2141
1667492873975 9.0 2142
1667492874003 10.0 2143
1667492874029 10.0 2144
1667492874054 10.0 2145
1667492874078 9.0 2146
1667492874102 9.0 2147
1667492874125 9.0 2148
1667492874152 11.0 2149
1667492874177 9.0 2150
1667492874204 10.0 2151
1667492874231 10.0 2152
1667492874256 10.0 2153
1667492874282 10.0 2154
1667492874307 10.0 2155
1667492874337 11.0 2156
1667492874365 10.0 2157
1667492874389 9.0 2158
1667492874416 10.0 2159
1667492874441 9.0 2160
1667492874466 9.0 2161
1667492874492 10.0 2162
1667492874518 10.0 2163
1667492874545 10.0 2164
1667492874570 10.0 2165
1667492874594 9.0 2166
1667492874618 9.0 2167
1667492874643 9.0 2168
1667492874667 9.0 2169
1667492874694 10.0 2170
1667492874716 8.0 2171
1667492874742 10.0 2172
1667492874769 10.0 2173
1667492874791 8.0 2174
1667492874817 10.0 2175
1667492874841 9.0 2176
1667492874865 9.0 2177
1667492874893 10.0 2178
1667492874917 9.0 2179
1667492874940 9.0 2180
1667492874964 9.0 2181
1667492874987 9.0 2182
